기온,습도,풍향,풍속,산불
8.6,15,270,6,1
24.4,19,270,2.6,1
21.9,31,140,4.3,1
15.2,11,270,6.9,1
12.4,14,230,3.1,1
26.6,17,270,1.4,1
22.3,14,250,3.3,1
24.4,19,270,2.6,1
17.6,37,140,1.1,1
10.4,80,0,0,1
17.6,13,230,4,1
16.5,29,270,2.5,1
20.3,16,270,4.1,1
23.8,30,230,0.5,1
31.4,32,270,3.2,1
26.3,25,290,3.1,1
24.3,20,320,3.2,1
14.8,37,250,5,1
19,22,160,1.2,1
11.3,22,270,2.2,1
12.5,34,230,0.7,1
18.5,18,230,2.5,1
6.6,17,270,2.2,1
7.5,63,70,4.4,1
28.1,31,140,5.9,1
21,13,250,3.4,1
28.2,22,20,1.6,1
0,20,250,2.4,1
1.3,73,140,1.5,1
16.5,29,180,2.2,1
-5.6,33,90,1.4,1
0.1,36,110,1.2,1
26.7,32,160,2.9,1
6.1,18,320,4.2,1
24.6,44,0,0.3,1
19.6,16,200,3,1
4.8,34,0,0.4,1
3.3,64,110,0.8,1
26.3,32,250,1.3,1
25.3,21,270,2.9,1
12.1,13,270,3.7,1
21.4,22,320,3.2,1
19.7,30,360,1.5,1
21.7,25,230,2.8,1
17.8,22,270,3.7,1
4.6,17,290,4.7,1
8.6,22,320,1.8,1
9.6,27,180,1,1
22.6,42,340,1.1,1
-8.1,85,0,0.1,1
29.4,20,140,4.1,1
16.9,39,250,2.8,1
17.7,25,270,4.6,1
30.8,34,270,2.6,1
22.1,33,250,1.4,1
21.6,22,250,3.4,1
29.2,38,180,1.6,1
13.9,11,270,1.5,1
10.3,34,140,0.5,1
29.5,35,250,0.8,1
12.9,17,250,2.4,1
20.4,19,160,2.4,1
17.9,29,250,3,1
22.9,23,90,3.2,1
17.8,44,270,2.8,1
11,29,360,2,1
15.7,31,290,2.5,1
16.8,20,290,3.6,1
14.2,86,320,1.1,1
13.7,88,320,1,1
25.3,51,250,2.3,1
-10.4,78,0,0.1,1
16.7,77,160,1,1
29.3,31,270,1.3,1
14.4,25,50,2.1,1
21,38,290,1.5,1
24.2,50,340,1.9,1
21.8,32,270,2.9,1
-2,30,250,3.1,1
25.8,16,110,5.4,1
16.2,34,110,2,1
18.4,13,140,1.7,1
10.3,37,290,2,1
16.2,22,290,3.1,1
-3.1,24,250,3,1
14.7,15,270,7.8,0
24.7,13,360,2.3,0
20.9,29,200,2.2,0
18.6,17,230,3.5,0
10.4,15,270,4.1,0
27,22,230,2.6,0
25.4,10,70,1.7,0
24.7,13,360,2.3,0
17.1,31,90,1.1,0
15.4,75,180,0.5,0
17.5,21,180,2.7,0
14.5,38,20,1.5,0
18.9,22,320,2.7,0
22.3,32,160,1,0
28.3,35,270,2.9,0
22.1,36,230,3.1,0
20.4,31,340,1.9,0
18.7,42,250,2.5,0
16.4,20,250,2.6,0
9.1,27,320,3.7,0
11.6,29,320,1.3,0
14.9,22,250,0.9,0
6.1,21,270,5.1,0
13.8,20,250,2.7,0
31.2,22,290,1.4,0
27.4,31,230,1.4,0
27.4,19,110,2.4,0
1.2,24,250,3,0
3.8,41,360,0.6,0
20.3,58,110,1,0
-3.3,33,250,3.2,0
-0.7,27,250,1.8,0
21.4,52,90,1.1,0
-0.2,20,320,5.3,0
24.6,53,90,3.5,0
21.6,32,250,3.8,0
6,31,270,3,0
3.2,69,110,1,0
20.7,67,250,1.6,0
24.9,15,270,4.9,0
9.8,16,270,6.2,0
20.5,28,270,3.7,0
14.5,45,110,1.8,0
19.6,52,230,3.2,0
17.1,26,250,4.1,0
4.2,24,270,5.6,0
4.7,22,250,3.5,0
7.6,18,290,3.5,0
20.6,40,230,0.8,0
-6.3,86,0,0.4,0
27.3,25,160,1.2,0
16.5,28,290,1.5,0
22,45,250,2.7,0
28.7,33,270,3,0
22.5,33,360,7.1,0
16.5,20,290,2.5,0
27.6,40,160,1.1,0
11.7,21,250,2.2,0
11.6,21,230,1.8,0
28,36,290,2.9,0
10.4,19,290,3.2,0
19.8,41,320,1.6,0
18.9,27,250,3.6,0
19.8,42,230,3,0
15,58,250,1.3,0
12.9,48,290,3.2,0
10.2,70,70,3,0
11.6,19,290,3.6,0
18.5,80,320,0.5,0
16.2,94,110,1,0
20.7,64,250,1.9,0
-13.4,71,270,1,0
14.8,79,140,1.1,0
28.6,32,110,1.3,0
11.5,26,160,2.3,0
19.8,27,290,1.4,0
23.5,56,250,2,0
22.8,19,250,3.7,0
-4.7,39,290,3.1,0
25.5,15,90,5.6,0
15.8,34,160,0.6,0
13.9,23,50,3,0
8,29,340,1.9,0
12.6,29,270,7.5,0
-0.1,26,230,2.2,0
17.5,17,290,2.7,0
23,17,270,2.2,0
20.8,25,110,2.4,0
21,16,250,1.9,0
8.2,23,270,4,0
26,21,270,3.3,0
19.4,15,270,2.1,0
23,17,270,2.2,0
14.9,42,320,0.7,0
15.1,84,290,0.9,0
15,12,230,2.7,0
10.3,45,290,4.2,0
26.7,13,250,3,0
23,22,160,1.5,0
20.4,55,270,2.7,0
11,85,270,0.9,0
18,49,230,2,0
14,55,140,1.7,0
6.5,18,250,5.4,0
9.8,34,270,0.9,0
10.2,50,270,1,0
11.2,26,250,3.1,0
15.2,28,250,2.6,0
28.3,37,290,2.1,0
26.1,24,250,0.7,0
26.7,26,270,3.4,0
6.6,48,270,2.2,0
3.4,32,250,2.5,0
20.7,51,320,2.4,0
-5.5,46,360,1.9,0
-2.7,28,230,3.6,0
23.4,40,270,4.4,0
-2.5,27,290,5.5,0
24.4,50,0,0,0
22,19,250,3.8,0
2.7,53,250,2.2,0
0.8,70,110,0.6,0
26.2,35,250,1.6,0
22.7,58,250,2.4,0
15.2,11,270,6.9,0
20.5,30,340,2.1,0
18.5,50,90,4.7,0
17.7,47,230,1.4,0
14.5,31,270,3.4,0
6.3,27,320,4.6,0
1.9,11,290,3.5,0
8.7,33,250,2.9,0
21.5,34,290,1,0
-9.8,74,0,0.4,0
27.7,20,250,1.9,0
17.2,27,290,3.8,0
21.9,32,90,2.9,0
23.6,34,20,5,0
19.1,18,270,3.3,0
24.6,51,160,0.8,0
9.8,29,90,1,0
9.4,29,250,3.8,0
17.9,90,290,1.9,0
8.6,15,270,6,0
8.6,83,50,3.3,0
23.4,42,270,3.9,0
20.7,27,230,3.4,0
13.8,58,20,1.3,0
8,76,70,2.4,0
24,31,320,3.4,0
8.1,26,290,3.8,0
15.2,79,110,0.7,0
11.2,95,200,0.6,0
25.7,17,250,2.6,0
-12.2,67,0,0.4,0
15.8,61,110,2.3,0
28,28,230,1.5,0
10.2,75,250,2.1,0
18.6,38,270,1.9,0
21.7,62,290,1.8,0
27.1,12,290,2.5,0
-3,33,270,4.6,0
24.3,13,50,5.1,0
13.5,70,180,1,0
8.8,67,20,4.5,0
7,24,290,4.2,0
13.4,30,270,7.4,0
0.7,71,320,1.1,0
19,20,360,2.1,0
20.4,22,270,2.9,0
20.9,31,250,4,0
21.9,33,110,1,0
12.8,13,290,5.5,0
22.9,17,320,2.8,0
18.4,20,320,4,0
20.4,22,270,2.9,0
16.6,44,270,1.1,0
11.8,92,0,0,0
11.5,43,50,3.8,0
14,27,160,1.5,0
26.9,22,270,2.2,0
21.8,40,270,1.1,0
27.8,30,290,2.5,0
23.6,29,340,1.3,0
11.4,59,90,4.9,0
15.9,47,270,3.4,0
9.8,78,20,2.3,0
5.5,32,250,5.5,0
8.5,36,230,1.7,0
4,89,270,3.8,0
10.7,42,70,0.5,0
14.4,15,230,2,0
26.3,38,320,1.9,0
28.6,18,340,1.1,0
22.6,19,230,5.1,0
4.5,61,50,2,0
7.4,33,270,1.3,0
21,14,270,2.6,0
-6.8,38,270,2.8,0
-3.9,31,250,3.3,0
26.1,46,110,2.9,0
2.2,97,50,0.4,0
23.9,53,140,2.9,0
20.9,20,250,3.8,0
-0.8,42,250,3.2,0
1.8,65,340,0.9,0
28.1,28,250,1.8,0
28.3,38,270,3.8,0
18.6,17,230,3.5,0
13.7,52,90,5,0
22.1,30,360,1.2,0
16.6,24,250,3.8,0
8,39,270,5,0
10.6,24,340,1.9,0
5,48,250,3,0
11.5,83,290,1.3,0
22.2,39,110,1.5,0
-12.3,82,0,0.1,0
25.1,33,250,4.7,0
17.6,39,250,2.2,0
19.1,44,70,3.1,0
27.7,31,250,2.9,0
22.1,50,270,1.2,0
21,33,230,4.6,0
23.6,53,340,1.9,0
8.2,44,140,1.2,0
12.7,21,250,3.3,0
29.8,33,180,1.7,0
14.7,15,270,7.8,0
17.3,24,290,2,0
21.9,39,250,3.4,0
16.6,39,50,3.6,0
15.8,39,360,2.5,0
17.1,37,140,1,0
9.8,32,0,0.2,0
12,27,320,3.1,0
15.6,62,50,0.8,0
10,85,0,0.2,0
26,23,270,3,0
-10,51,290,1.2,0
15.9,59,110,2.8,0
28.8,32,160,2.1,0
17.3,13,20,1.4,0
19.6,50,270,1.8,0
20.7,71,270,1.6,0
25.8,12,320,3.1,0
-3.3,29,270,3.6,0
14.8,66,70,5,0
18,56,160,3.2,0
18,23,140,1.5,0
4.2,23,270,3.9,0
20.8,38,320,0.9,0
2.9,84,270,1,0
18.6,44,70,1.3,0
18,24,250,2.1,0
23.9,23,270,2.8,0
8.2,87,90,2.1,0
16.6,19,250,3.8,0
21.9,19,270,4.1,0
16.3,25,250,3.7,0
18,24,250,2.1,0
15.2,38,180,1.4,0
14.1,97,290,1,0
17.8,12,140,1.7,0
11.9,35,140,1.8,0
27.2,9,270,4.2,0
21.1,31,70,1.3,0
28.6,33,270,1.9,0
26.4,19,290,3.8,0
20.5,25,250,4.5,0
18.6,39,340,1.2,0
19.7,23,270,1.6,0
0.3,18,250,5.8,0
11,34,160,1.7,0
8.5,61,270,2.7,0
12.2,27,320,1.2,0
10.8,19,250,3.1,0
26.7,40,340,1.6,0
28.2,22,20,1.6,0
21.6,22,250,3.4,0
1.7,52,0,0,0
5.1,39,270,1.4,0
15.9,42,360,2.7,0
-3.6,31,250,2.4,0
2.1,62,230,4.4,0
25.4,26,320,2.4,0
14.2,54,270,2.2,0
22.6,48,20,0.5,0
18.1,29,20,1.1,0
1.3,28,270,2.4,0
-1.5,54,270,1.1,0
28.4,17,290,1.8,0
25.4,31,250,6.5,0
21,16,250,1.9,0
19.8,46,90,3.4,0
18.8,61,320,2.6,0
16.4,30,270,3.1,0
5.5,77,110,2.2,0
11.9,17,160,2.5,0
12.7,58,270,1.8,0
6.3,93,270,1,0
20.1,49,320,1.1,0
-10.2,63,320,2.4,0
24.1,29,250,3.3,0
19.1,34,250,2.5,0
23.2,40,20,4.4,0
27.6,34,270,3.4,0
22.5,44,270,1.4,0
21.7,20,320,2.4,0
23.7,40,250,0.8,0
4.6,56,320,1.4,0
14.7,33,270,4.4,0
30.3,32,90,2.6,0
17.5,17,290,2.7,0
18,17,90,0.9,0
18.1,61,270,2.2,0
21.9,23,270,3.9,0
17.7,26,290,5.1,0
6.4,42,140,0.7,0
10.2,24,290,4.8,0
14.2,27,180,1.2,0
14,63,20,0.7,0
8.6,86,320,0.5,0
23.1,45,250,2.1,0
-8.3,84,290,1,0
16.6,63,290,1.7,0
26.1,52,250,0.8,0
12.3,19,360,2.1,0
19.8,37,290,1,0
23.3,54,110,1.4,0
25.7,12,320,3.2,0
0.2,32,250,2.3,0
23.4,25,140,4.7,0
15.7,37,0,0.1,0
15.1,12,290,1.8,0
2.8,15,290,2.1,0
15,55,290,0.8,0
4.7,46,110,1.5,0
8.3,88,200,1.3,0
16.6,32,270,3.1,0
20.4,29,270,3,0
17.8,25,50,0.7,0
18.5,22,250,3.3,0
21.8,17,270,4,0
15.2,17,340,2.7,0
16.6,32,270,3.1,0
13.7,53,90,2.3,0
18.4,69,270,1.2,0
16.7,19,90,6.3,0
7.1,44,290,2.8,0
23,21,250,2.7,0
16.9,31,320,3,0
23.7,58,230,2.1,0
25.3,19,270,4.7,0
14,51,50,4.5,0
19.4,29,250,3.1,0
20,19,140,1.9,0
9.7,20,270,5.4,0
12,41,50,1.1,0
4.3,92,0,0.1,0
9.7,32,250,1.9,0
9.4,33,270,4.9,0
23.7,36,320,1.8,0
27.4,19,110,2.4,0
16.5,20,290,2.5,0
3.1,39,250,2.2,0
2.6,66,270,2,0
9.4,32,290,3.5,0
-4.9,41,290,2.9,0
-1.4,31,180,1.7,0
26.6,26,250,2.8,0
11.5,17,320,1.9,0
21.9,54,270,1.9,0
19.2,28,230,2.8,0
8.4,41,290,2.5,0
0.7,70,250,2.3,0
27.8,26,270,2.4,0
17.7,41,230,4.2,0
21.9,33,110,1,0
22.8,28,230,0.6,0
23,34,250,3.6,0
14,32,230,2.9,0
10.3,53,270,1.9,0
9.3,30,250,3,0
13.8,41,290,2.2,0
6.8,54,20,1.2,0
19.7,47,250,1.4,0
-8,58,340,1.9,0
21.9,28,340,2.9,0
18.1,23,160,1.3,0
21.8,45,230,1.4,0
23.4,63,250,2,0
22.8,40,110,1.8,0
21,20,270,2.9,0
29.7,29,110,1.4,0
5,39,70,1,0
15.3,54,230,2.4,0
32.7,27,160,1.7,0
19,20,360,2.1,0
13.5,19,270,2.8,0
12.5,89,180,1.2,0
21.2,20,270,1.9,0
14.4,95,20,1,0
9.9,88,320,2.5,0
18.3,24,320,2.6,0
8.7,45,320,4,0
15.9,79,70,0.6,0
12.8,92,0,0.3,0
26.8,24,250,2.9,0
-12.7,65,0,0.3,0
17.5,63,180,0.6,0
27.1,42,90,0.7,0
8,20,290,3.6,0
18.8,52,50,3.5,0
19.8,73,270,2,0
24.6,13,160,1.8,0
4.7,32,270,2.2,0
24.3,20,320,3.2,0
13.6,59,0,0.1,0
12.6,24,320,2.7,0
1,16,290,4,0
18.6,23,290,4.1,0
3.4,31,110,1.5,0
