15.2,14,270,10
15.8,19,270,5.6
14,25,140,4.3
15.9,16,250,3.1
17.7,29,140,1.8
15,22,340,3.5
17.9,36,250,2.7
15.3,27,160,5.7
19,44,290,3.4
14.9,18,270,12.1
21.2,19,200,5.6
27.9,16,270,3.5
19.2,12,290,3.4
17.5,14,270,4.6
16.1,18,290,6
17.9,37,250,9.6
16.8,16,270,0.7
31.5,20,230,10.5
12.6,49,90,2.8
-7.9,33,290,2.2
8,25,250,5.4
24.7,24,50,3.6
19.3,14,200,3.1
26.7,21,180,5.3
0,31,140,3.7
21.5,17,320,3
10.2,15,320,7.2
22.7,13,290,4.7
24.1,17,290,5.5
26.1,23,230,3
23.2,21,140,4.2
26.6,13,230,6
-10,65,250,2.3
14.7,11,320,2.9
5.1,34,270,8
21.2,16,230,3.6
16,9,290,5.8
19.8,23,320,5
19.6,19,270,4.8
-1,55,250,1.2
14.6,23,270,3
19,13,290,3.3
-8.9,18,270,2.5
15,23,270,5.1
19.3,21,230,4.8
9.6,32,110,1.3
19.7,17,270,5
25.8,22,180,3.3
21.2,12,200,3.1
32.7,17,230,6
2,26,140,1.7
9.4,10,270,5.4
21.2,19,250,5.7
26.2,11,180,5
23.9,15,270,4.4
38.1,27,50,2.5
28.9,30,270,7.2
26.5,14,50,2.2
17.6,39,250,8.4
-1.6,14,290,6.1
18.5,23,270,2
4.5,75,290,5.1
2.4,11,270,10.5

25.4,16,320,3.7
24.8,14,250,3.1
27.1,21,340,1.8
23.6,18,160,1.5
22.5,12,230,4.4
19.3,19,320,5.1
0.8,20,270,2.4
24,10,360,4.4
-2.1,34,320,4.4
20.3,20,160,5.8
9.8,20,270,7.8
-4.4,19,340,2.1
16,16,200,3.5
4.1,39,320,3.3
25.1,33,270,4.1
26.2,24,180,2.8
22.4,11,270,3.2
20.8,15,230,4.1
29.5,17,270,3.6
6.6,59,200,5
10.7,20,270,8.6
21.8,21,200,1.5
25.3,15,180,4.5
15.5,70,160,4.1
22,10,250,5.8
22.1,28,250,2.1
3.4,50,110,1.4
25.3,30,90,1.2
14.8,21,200,4.1
13.2,29,90,3.5
20.1,18,320,4.1
20.8,31,200,2
17.4,10,160,3.3
10.2,13,290,2
25,8,110,2
25.6,19,140,2.2
15,7,270,5.8
22.1,33,290,4.4
2,15,270,5.1
13.2,8,50,6.3
23.5,24,180,5
21.8,14,160,2.8
0.4,28,290,4.6
29.2,30,250,6.1
28.7,13,270,3.5
28.6,34,110,3.8
4.5,14,270,6.4
26.1,25,140,2.1
11.7,22,320,2.2
6.9,39,90,1.6
1.2,16,290,7.4
21.4,25,230,4.9
22.1,21,340,2.5
20.4,13,290,5.1
14.3,23,320,7.9
23,18,320,5.1
11.1,31,340,4.6
3.3,20,90,5.8
22.6,18,250,3.3
-5.7,41,270,12.7
16.7,34,200,2.5
16.7,47,140,4.8
23.2,20,340,0.9
2.9,87,230,1.6
21.6,15,110,4.6
-1.1,31,320,3.5
25.2,12,270,2.9
24.4,28,270,5.5
4.5,58,90,0.7
19.9,19,270,2.4

32.8,24,230,2.4
15.6,24,90,2.8
19.3,15,340,3
19.1,13,360,1.6
15.1,27,360,3.4
30.1,23,270,9.3
18.6,16,270,3.7
19,19,340,5.2
25.2,16,270,6.7
18.7,15,290,3.2
18.7,19,270,6
-3.7,24,180,2.2
28.1,10,230,3.1
25.8,13,180,4.1
16.4,11,320,2.5
4.4,17,180,1.8
-2.1,54,320,4.1
10.9,81,360,0.5
10.8,32,290,1
25.5,24,180,4.6
22.8,13,290,5.2
13.1,18,290,4.6
17.6,54,180,9.8
16.7,28,180,2.4
15.5,16,270,3.2
4.6,23,320,4.1
23.8,31,180,1.3
20.2,19,360,2
18.8,51,320,3.1
20,20,290,2.6
3.2,84,180,2.1
20.6,25,160,5
10.5,48,250,4.3
21.6,15,110,4.6
0.9,22,200,2.9
5.8,24,360,7.5
23.7,13,320,3.3
12.1,12,360,2.5
20.3,25,320,5.8
9.8,19,250,3.2
-2.7,33,250,3.8
18,12,230,4.9
26.1,17,140,4.5
23.1,16,250,1.8
20.7,20,230,2.6
-2.9,58,290,14.7
1.6,32,320,4.5
14.5,22,230,5.5
15.4,9,290,5.7
0.5,26,270,2.9
21,26,250,4.9
12.1,18,180,2.9
30.2,19,250,3.4
21.7,14,250,4.5
18.2,22,250,2.4
25.2,14,290,1.6
1.6,66,360,1.1
24.6,38,270,3.5
25.8,21,250,3.2
3.2,29,340,5
12.8,48,290,2.7
11.4,32,340,5.8
11.3,39,230,2.2
20.8,19,140,4.1
15.2,13,230,2.6
23.3,11,250,4
21.2,17,230,3.7
2.7,26,50,1.1
15.6,67,0,0.4
16.7,18,160,5
2.8,15,340,5.3
1,18,320,5.5
-4.6,32,20,2.8
22.6,31,140,2.2
13.1,27,160,0.6
22.3,14,290,3.1
13.7,32,20,4.3
16.7,17,50,4.5
13.7,19,340,3.5
19.8,30,20,2.5
3.3,23,230,2.1
29.4,28,270,1.7
-3.5,26,270,6.1
25.9,31,0,0.4
20,25,270,4.9

1.3,40,320,2.7
18.1,17,270,5
17.1,39,90,3.7
10.8,36,230,7.2
-2.2,57,340,12.2
11,8,320,4.3
15,14,340,5
17.6,14,320,4.6
8.5,17,50,2.6
22.5,27,110,5.2
18.1,38,90,2
16,30,140,2.2
15.1,16,270,1.6
6,24,290,4.4
13.7,21,270,1.6
13.7,19,320,2.1
28.5,76,50,1.5
35.3,21,340,3.8
24.1,15,160,4.1
6.9,11,320,1.8
-1,30,270,3.8
2.5,44,250,4.1
11.8,38,230,5.1
5.1,45,200,3.2
-7.1,25,320,6
19.6,32,110,1.8
30,25,200,2.5
28.4,26,230,2
22.9,16,320,5.2
6.7,14,200,4.2
10.8,20,230,2.6
3.8,19,340,3.6
12.8,62,340,6.5
26.9,21,200,3.6
26.6,13,230,6
26.1,30,110,6.1
20.8,22,230,1
17.5,11,320,5.4
20.1,11,290,1.9
23.9,21,230,2.5
22.3,29,110,4.4
24.8,14,250,3.1
18.9,18,290,4.8
17.6,22,200,4.7
4.7,52,230,4
1.1,34,320,11.9
6.1,48,290,1.3
18.5,13,320,2.3
29.2,22,320,3.6
19.3,18,230,1.3
9.8,20,20,6.3
12.5,9,110,1.2
19.9,12,230,5.5
14.5,20,290,3.3
3,17,360,4.1
0.1,27,290,4.9
27.7,15,200,1.8
20.7,25,230,3.1
16.5,22,230,3.3
19.5,13,340,2.8
17.6,21,230,2.9
14.3,19,250,6.2
16.5,47,270,3.3
11.6,33,290,2.4
14.3,17,360,3.5
23.8,21,320,3.7
11,42,230,0.3
13,12,70,4.1
19.9,21,230,3.4
18.8,25,180,1.4
17.2,35,20,10.2
20.7,23,20,1.7
1.9,23,290,2.5
14,72,160,1.7
24.7,12,140,2.9
7.4,89,340,5.7
10.1,45,140,3
7.8,16,290,5.8
13.3,24,230,5.2
20,50,110,2
16.4,11,320,4.9
18.2,32,250,3.7
21.9,33,110,2.3
0.7,70,0,0.1
11.4,20,290,4.6
-0.6,40,20,2
24.7,13,230,2.1
21.1,19,320,3.9
9.5,35,250,6.7
10.6,83,140,1.7


10.5,20,320,2.8
9.1,30,290,4.4
25.8,22,250,4.1
8.3,22,340,4.6
5.5,23,290,5.7
14.3,43,70,4.9
19.1,21,140,3.6
25.7,30,200,5.9
0.7,72,0,0.2
8.8,68,140,2.2
4.9,40,320,7.6
3.2,55,270,1.9
11.2,40,160,2.6
5.6,28,290,5.9
2.2,60,340,5.1
20.2,29,160,4.7
9.6,48,20,5.9
22.9,87,160,3.3
6.1,33,20,2.7
28.5,27,270,2.3
22.3,14,70,1.7
19.1,23,160,0.9
12.7,40,290,1.3
14.2,37,250,5.8
18,20,270,2.7
11,74,360,4.7
14,46,340,1.9
9.7,36,340,4.4
2.2,26,50,1.1
15.4,78,320,3.8
22.9,19,270,6.1
19.7,14,270,4.3
16.8,20,180,2.6
14.9,14,320,3.6
13.5,21,160,2.7
27.1,10,250,1.1
17.5,51,110,1.7
21.7,16,230,3.1
14.4,23,200,2.5
15.6,27,270,3.7
10,69,360,0.7
23.7,34,290,2.3
25.3,22,230,3.2
13.8,40,160,2
13.3,8,270,5.2
13.2,19,320,5.6
2.5,22,290,6
4.3,47,290,4.2
8.8,30,160,4.8
0.5,22,270,4.6
25.6,27,250,5.7
18.7,41,180,8.2
21.6,18,160,5.3
14.2,20,160,2
19.9,22,290,1.4
18.4,55,160,4.2
0.9,33,270,0.7
11.5,19,90,2.3

4.6,23,320,4.1
27.2,28,90,2.3
11.6,22,320,4.8
26.1,23,230,3
21.9,25,180,2.3
19.9,19,270,4.5
16.9,26,320,3.5
15.2,28,50,1.5
-4.8,31,340,3.1
4.6,41,250,6.8
28.9,12,270,2.6
17.1,34,250,2.1
3.9,65,290,1.9
-0.1,32,320,2.5
-3.5,22,320,6
13.4,21,270,6
18.5,32,270,6.3
19.8,16,50,3.5
21.5,60,180,5.2
17.4,23,290,1.6
10.5,56,320,2.1
9.6,15,290,6.2
0.5,30,270,7.7
-2.1,42,250,2.6
9.6,18,0,0.3
18.7,37,90,2.1
11.6,20,320,7.5
12.6,8,340,2.1
9.5,51,290,3.9
13.3,27,230,0.9
15,20,200,2.5
11.8,22,290,2.7
-9.8,59,320,4.2
-2.7,19,290,6.4
26.2,14,180,4.5
16.5,15,290,1.3
17.1,22,70,1.1
2.3,80,320,1.9
9.1,68,290,0.7
7.8,74,250,0.4
24.7,19,270,2.9
20.3,18,200,1.3
15.1,27,340,3.2
18.2,37,270,3.4
16.3,16,180,2.4
13.8,11,140,2.4
19.9,25,160,3.3
17.1,16,90,0.7
5.1,43,270,10
-1.4,43,290,4.3
15.9,67,140,4.3
24.6,23,70,2
17.5,23,360,4.5
19,20,20,4.2
17.6,18,160,2.3
13.3,48,140,4.1
18.2,19,90,6.3
7.1,43,70,1.7
17.5,44,320,2.6
23.9,58,140,2.1
-0.4,90,0,0
13.8,18,320,6.5
16.2,25,250,2.7
0.5,27,290,4.7
0.2,27,230,2.1
21.2,32,140,1.1
10.4,34,230,2.5
16.3,17,270,4
7.6,51,160,5.9
16.3,39,180,6
-7.1,26,340,1.4
12.2,17,290,9.1
22.8,26,290,3.2
16.7,63,360,1.2
20.7,9,90,3.7
17.7,33,230,7.1
9.5,83,230,0.5
19.4,25,140,5.8
2.8,18,290,4
8.1,39,290,4.5
26.5,19,270,2.1
21.6,45,230,2.7
5.3,24,360,6.4
20.1,67,50,2
8.9,49,160,4.1
12.8,42,270,2.8
11.5,36,320,3.5
17.7,21,290,3.6
21.4,12,250,3.9
21.6,15,290,4.2
12.8,24,90,5.3
3.3,64,160,1.8
0,32,320,2.1
4.9,27,320,2.6
31.6,48,50,4.2
20.8,27,180,2.7
0.1,18,270,3.1
4.7,24,320,3.2
21.9,18,270,4.7
20,24,230,3
15,19,360,1.2
8.5,43,160,0.8
18.6,11,180,1.3
11.3,70,160,0.5
3.4,16,290,4.3
18.8,60,290,2.3
32.4,20,340,1.9
15.8,22,160,4
12.9,48,110,2.5
0.9,85,270,0.5
14.2,15,230,3
6.6,60,360,5.4
5.6,45,360,10.3
11.2,22,340,2.9
14,32,140,3.4
13.1,18,250,6.4
15.7,85,340,1.5
24.8,9,180,2.3
21.7,29,270,6.6
18.8,19,320,2.1
16.2,30,320,3.8
12,32,290,7.8
13.3,18,290,3
7.6,28,290,2.6
17.1,20,180,2.5
20.5,40,270,3.8
25.7,29,70,1.9
15,78,110,3.8
25.4,19,250,4.3
17.7,33,160,4.9
16.1,29,20,5.1
5.4,74,360,8.4
12.3,24,290,2.8
-2.8,40,290,6.3
26,43,50,1.8
20.8,32,360,4.5
14.7,70,70,2.3
16.1,50,160,3.3
17.2,51,20,1.7
13.2,19,290,3.4
23.8,52,90,2.6
16.1,31,110,5
14.6,25,200,3.4
8.1,37,290,6.2
19,33,290,0.8
13.8,12,110,3.2
10.6,19,50,2.4
11.7,24,270,4.8
-2.4,27,250,2.1
29.2,16,50,3.2
16.6,52,180,6.4
23.2,16,270,3.9
18.7,22,270,3.1
14.8,30,270,3.6
14,24,270,5.5
5.8,22,360,11.7
11.9,22,290,1.8
-0.8,61,340,8.6
16.2,37,270,3.8
0.5,19,270,4
-0.3,35,320,6.6
29.1,38,360,0.7
18.5,14,270,10.5
22.5,35,70,2.9
20.1,21,140,1.9
20.5,30,180,8.3
15.3,12,320,4
19.2,11,140,2.9
7,38,160,1.6
11.7,22,270,6.5
7.3,44,360,3.4
0.3,31,270,3.9
5.5,21,270,3.8
17.2,23,290,3.4
17.6,28,290,4.3
18.2,14,270,3.9
18.2,20,50,1.5
15.5,26,320,3.8
17.2,40,20,1.5
20.7,25,250,3.4
20.6,34,250,5.4
26.4,13,200,2.2
12.5,23,270,6.5
17,27,230,7.8
19.7,42,20,5.3
22.5,17,270,5.4
10.7,44,180,2.1
25,26,320,1.2
12.7,49,110,1.8
10.8,72,20,1.8
20.7,37,70,3.3
19.6,25,290,4
13.7,53,250,4.7
16.5,17,180,2.3
19.7,22,290,1.5
6.6,38,230,5.1
22.9,12,290,2.8
9.9,63,140,0.9
4.8,64,320,2.1
1.9,31,250,2.8
18.3,27,340,4.4
-10.8,34,290,2.1
19.5,51,140,3.1
16.3,21,270,1.5
15.3,16,230,4
9.5,29,270,4.6
15.4,10,230,2.8
7,13,340,5.2
1.6,58,320,2.9
13,65,160,5.5
16.9,56,110,3.4
18.2,15,320,2
7.4,39,180,4.4
11.5,39,160,5.8
-3.2,28,290,5.6
22.6,53,200,6
25.3,23,230,3.7
21.6,17,340,1.7
-2.2,16,270,2.5
-0.3,34,360,7.9
0.7,17,320,3.4
23.1,19,70,1.1
23.8,23,110,4
9.6,30,360,5
16.7,19,320,2.5
1.7,30,110,6.7
11.4,72,20,1.8
13.6,33,250,3
14.1,10,340,3.2
19.6,24,230,2.7
7.3,45,320,4.9
15.4,34,270,2.8
18.5,24,250,4.2
12.6,26,180,1.7
26,42,160,3.4
16.3,33,160,1.5
20.3,23,140,1.6
19.3,13,290,3.9
20.7,45,250,4
33.2,49,320,1
9.5,84,340,1.5
31.3,18,290,3.5
19.5,26,200,1.6
20.3,20,160,3.3
16.8,24,250,3.9
12,17,230,1.5
12,34,140,3.3
10.9,23,320,3.3
16.3,24,290,3.5
18.8,35,90,1.2
16.7,21,180,2
8.9,43,70,2.4
4.9,88,290,0.6
12.9,36,250,1.8
4.8,16,180,3.6
31.8,43,290,1.7
33.3,31,270,3.4
25,14,290,3.8
6.8,10,50,1.6
3,14,290,4.5
0.3,20,320,5.3
-2,30,290,6.1
1.8,21,50,4
23.5,32,160,1.9
16,61,230,6.6
26.4,32,250,2.8
19.6,24,270,4.2
15.5,12,290,5.5
9.9,50,250,3.3
14.3,16,320,3.2
4.5,26,20,3.9
24.6,26,250,4.6
26.3,16,160,3.1
12.8,74,140,3.5
23.3,17,250,4
21.2,17,140,1.3
13.9,26,270,4
7.9,17,290,4
4.3,33,230,3.6
23.2,40,200,1.7
28.1,20,320,2.7
28.1,20,320,3.6
26.9,23,250,3.3
21,19,250,3
23.1,26,230,3.8
27.1,19,250,3
22.2,19,200,1.6
22.1,25,180,2.9
7,35,270,3.3
11.1,16,250,6.7
1.1,35,340,3.3
0.6,33,250,4.9
7.1,65,230,0.8
17.4,66,180,2.5
22.3,40,140,2.8
7.7,19,90,1.5
9.5,36,290,3.7
4.9,14,340,5.8
10.5,29,340,0.9
6.7,50,90,1.8
23.9,31,270,3.6
27,23,250,4.5
25.5,32,160,7
16.9,29,20,3.3
10.3,35,20,2.2
13.1,37,140,4
17.2,13,270,1.6
4,31,270,4.9
11.3,20,250,4.7
6.4,85,320,6.1
15.9,27,250,7
13.7,25,140,4.2
13,48,160,3.3
13.5,18,290,3.2
19.3,19,200,6.4
17.4,40,160,5.5
15.6,24,90,2.8
14.6,27,140,1.7
13,15,270,1.4
14.3,53,140,8
18.2,95,140,0.5
18.9,40,290,0.8
-0.1,25,290,3.5
30,38,340,3
25.8,46,0,0.3
18.9,65,70,3.8
17.2,34,250,1.5
12.5,29,340,4.3
22.1,12,110,2.4
15.5,33,340,2.3
19.3,12,270,3.6
14.6,25,270,6.4
16.4,17,290,6.2
14.9,43,230,3.7
11.9,14,290,6
5.3,24,290,6.2
-5.9,72,0,0.3
-1,21,270,2.7
-5.1,15,290,10.8
-3.9,27,340,3.6
1.7,33,200,3.6
26.1,35,140,3.8
6.2,58,20,3.3
11.5,36,50,2.1
10.1,53,230,3.8
-0.3,20,290,10.5
9.3,21,50,2.8
12.7,89,360,1.7
12.6,40,290,5.6
15,89,0,0.4
28.8,19,250,1.6
14,76,140,3.5
7.5,72,0,0
26.5,14,50,2.2
28.1,12,290,3.5
21.6,28,140,3.8
12.4,15,290,2.5
22.5,13,250,3.3
-3.2,35,290,6.1
-3.6,59,320,2.9
-1.4,36,20,2.6
-5.1,66,50,0.6
17.9,50,230,1
28.2,24,250,3.3
16.8,42,110,1
17.7,26,110,3
22.6,22,110,5.3
17.5,57,160,6.2
24.1,14,360,5.4
24.3,15,340,2.1
10.1,28,270,0.7
8.7,44,140,1.7
13.3,30,270,3.3
12.1,18,250,6.8
-2,77,340,1
10.5,21,270,2.4
5.9,19,290,3.4
6.5,20,20,8.3
11,18,320,5.8
0.4,16,270,4.9
1.7,44,230,1.1
-0.8,64,0,0.4
4.7,18,270,6
12,35,320,5.2
24.2,33,90,3.6

22.3,20,320,5.7
17.6,31,340,2.5
17.5,43,180,6.2
10.4,89,290,0.5
13.9,79,230,5.5
21,21,230,2.8
17.2,22,180,4

12.3,33,90,3.1
15,35,90,5.4

10.5,29,20,2.8
9,25,20,5.7
16.3,34,250,5.4
11.3,30,70,4
13.3,43,140,6.3
1.8,73,230,1.3
9.8,48,110,5
11.3,13,90,1.6
8.1,28,290,2.6
4.3,64,270,4.3
17.2,23,270,4.9
28.2,31,180,1.9
24.8,40,290,4.3
20.5,53,290,5.1
25.5,29,20,3.4
26,44,110,2.3
26.6,16,270,2.7
20.3,37,140,5.7
18.8,60,180,5.2
21.8,14,230,3.2
16.2,25,270,4.9
13.6,26,200,8.6
8,24,320,7.2
5.9,39,340,5.3
13,17,270,2.9
7.5,33,20,4.4
16.3,18,270,5.3
11,26,320,3.5
15.8,30,250,2.2
11.3,53,200,1.2
13,23,270,7.6
14,48,250,2.5
9.3,23,70,2.4
-3.6,27,270,5.2
-0.8,44,320,5.1
-2,20,290,4.1
21,70,340,1.3
29.9,11,290,2.7
20.1,30,140,4.2
23,22,270,7.5
9.8,78,360,5.1
22.2,23,110,4.1
19.7,11,290,3.7
12.2,67,200,9.1
20.4,19,270,3
13.7,28,290,2.5
14.6,27,250,4.5
19.5,18,270,5.1
22,19,160,1.8
12.8,27,230,6.1
11.1,12,320,4.4
4.8,34,140,3.9
16.5,49,230,4.6
4.4,37,160,2.9
1.3,44,20,2.4
-3.1,22,270,8.8
2.2,24,320,3.9
-0.1,13,270,4.9
9.6,24,340,2
0.4,34,320,0.7
1.3,43,320,3.5
12.8,36,200,4
11.8,33,230,1.7
11.1,42,290,2.2
26.6,64,20,2.7
28.6,36,340,0.6
30.4,31,110,3
26.6,29,0,0.1
21.9,49,200,2.1
21.1,39,140,2.9
17.1,49,50,0.6
14.2,67,140,5.2
25.1,20,270,5.4
23.6,26,340,2.8
13.6,34,270,1.6
19.9,13,290,5.8
15.5,20,270,5.8
18.2,14,230,0.9
15.3,18,250,2.9
15.6,15,70,1.9
16.2,21,270,2.4
14.6,17,360,6.2
15,38,110,4.8
9.1,73,110,2.9
16.8,22,140,4
14.6,45,340,3.8
13.1,16,320,2.1
11.6,28,270,5
2.5,32,270,9.2
5.3,38,320,5.1
5.2,35,250,5.1
2.2,26,50,2.6
8.3,32,320,3.8
4.6,41,320,4.6
-4,34,290,4.1
-2.7,60,290,5.3
7,38,50,1.2
23.3,49,90,4.6
19.9,35,140,4.8
15.2,51,110,3.5
17.8,13,250,2.7
18.5,20,340,2.6
15.9,21,250,4.1
14.8,23,230,5.2
19.4,20,70,1.3
16.6,17,140,5.2
19.3,19,90,6.5
18.8,23,290,3.2
20.7,22,230,1.4
10.1,45,110,1.8
3,56,230,3.6
13.7,20,270,4.6
9.5,33,160,1.2
3,61,90,0.4
21.7,48,160,6.8
12.5,56,20,1.4
6.6,30,290,6.1
24.9,46,250,2.3
-4.1,26,290,3.5
-5.4,94,0,0
19.8,21,110,1.3
17.6,16,230,1.9
11.4,30,270,4.5
17.4,20,250,3.2
7.2,49,250,4.4
7.8,62,70,1.3
-1.8,57,290,1.8
28.7,33,160,5.2
19.6,36,160,4.2
17.6,20,290,4.3
14.2,18,250,5.7
11.7,14,320,3.1
2.9,31,340,10.2
0.9,53,290,5.1
15.2,34,360,1.7
11.1,13,270,2.9
22.4,11,180,7.5
15,26,270,4.7
13.1,43,250,4.5
14,45,250,2.9
16.8,10,90,2.3
10.5,43,250,2.2
11.5,16,250,1.7
11.4,43,250,6.7
17.2,20,270,2.9
18.2,44,270,4
12.9,22,250,4.1
12.7,37,320,9.4
12.8,36,230,5.5
3.7,38,320,7.3
12.5,65,90,0.9
19.7,30,290,3
19.5,32,250,2.4
20.8,36,230,2
15.3,23,290,3.2
3.5,32,20,3.2
11,37,90,0.9
8.5,8,50,1.9
18,27,290,1.5
11.7,43,160,2.1
0.1,28,290,7
10.3,26,70,2.4
-10.4,37,20,1.2
34,43,70,4.5
15.1,15,270,3
6.9,15,320,1.9
7.2,45,270,2.1
16.8,19,320,4.4
6.1,13,290,4.2
7.2,25,270,4.5
4.1,22,230,3.3
-2.7,21,320,5
2,63,0,0.3
3.2,19,340,3.8
1.3,40,290,2.1
23.3,15,270,2.9
15.3,17,160,2.2
11.3,21,250,3.3
20.4,11,180,1
14.9,49,110,1.2
5.1,52,110,2.1
7.9,40,230,1.1
14.1,15,200,2.7
2.7,19,270,2.5

17.7,80,110,0.9
24.7,73,290,3.7
13.7,33,110,3.4
8,73,70,2
10.3,15,90,0.9
-0.1,67,250,0.8
14.5,81,140,5.1
14.9,25,230,3.8
26.8,30,230,2.4
14.9,59,140,4
14.5,11,320,6.5
16.9,17,180,3.3
16.2,12,270,3.2
19.3,66,140,6
28.7,58,70,2.9
10.7,52,230,1.5
10.4,24,140,3.2
7.1,38,250,5.6
2,51,270,11.1
15.3,59,160,6
25.8,13,270,1.3
9.4,75,0,0
14.1,33,270,5.1
7.7,31,20,3.7
9.9,29,250,1.4

18.3,67,70,2.3
24.8,15,270,4.2
21.7,13,180,4.1
13.8,23,140,4.2
0.1,35,320,11.4
3.9,35,270,5.1
24.2,14,360,1.4


15,22,340,1.9
12,40,230,3.4
15.8,24,290,4
12,19,320,3.2
-1.7,82,270,1.2
8.3,36,360,9.2
14.6,21,340,4.3
12.6,19,290,4.1
16.6,29,270,2.5
4.3,28,340,2.3
8.6,20,70,4.9
0.6,19,270,5.4
25.5,44,270,6
8.9,77,360,2.7
10.8,42,90,2.5
6.8,37,270,5.5
-3.5,49,290,1.3
1.4,20,320,9.3
22.1,51,160,0.9
12.8,55,140,5.1
11.3,66,90,3.5
11.2,67,50,3
19.1,29,140,4.2
30.6,40,230,2.8
10.8,57,200,2.5
23,34,230,1.1
23.3,55,180,2.6
6.4,34,250,0.9
21.2,21,250,2.4
6,82,270,0.4
14.7,13,140,2.7
13.1,21,270,2.8
9.4,50,20,3.1
3.3,65,360,2.6
20.6,9,320,6.2
25.7,48,270,2.4
30.7,26,20,1.4
22.7,22,270,4.5
10.1,57,110,1.9
10.6,47,0,0.3

13.1,49,160,3.2
3.9,28,340,2.6
2.7,41,320,2.1
28,20,230,1.3
18.7,33,230,9.2
18,46,90,2.1
24.6,52,230,3.5
8.1,28,320,3.6
-2.5,28,320,4.5
8,27,360,5
24.2,97,160,4.4
28.5,40,270,2.6
17.7,67,110,2.3
8.6,24,230,4.2
12.2,17,180,2.5


12.6,56,160,5.9
8.2,64,90,5.6
21.6,13,290,8.7
28.4,11,290,5.6
5.5,73,360,4.8
22.1,12,250,5.9
15.7,14,180,3.6
-15.7,69,0,0.3
17.3,49,230,1.9
22.4,27,180,1
12.5,49,110,0.7

11.8,60,320,4.4
25,12,290,2.6
23.7,16,270,2.1
16.3,24,180,4.4
20.3,23,140,1.6
17.7,34,250,5.5
17.2,39,250,5.2
13.1,22,110,4.7
11.3,20,290,1.4
10.2,30,110,3.6
8.5,35,20,1.7
8.6,35,360,4.7
17.5,66,110,1.6
22.3,55,20,3.7
24,31,90,2.6
22.2,37,110,3.5
28.8,30,270,4.1
15.3,23,200,5.3
10.8,45,340,4.7
15.6,31,160,5
13.1,16,110,1.7
14.1,28,250,1.5
8.1,28,340,6.6
15.6,31,290,5.4
12.3,24,270,3.4
2.7,30,320,7.7
2.7,8,270,6.4
17.2,42,200,2.1
14.1,26,230,8.5
10.3,22,90,2.6
12.1,41,290,0.7
-1.2,39,270,1.4
-6.9,51,360,3.3
14.3,38,20,1.3
17.4,21,200,4.1
15.3,15,230,7.5
8.8,30,250,1.9
15.1,57,250,2.8
5.1,23,250,3.9
11.2,28,360,2
26,80,360,4.3
20.8,40,140,3.3
23,24,20,4.5
18,18,270,3.9
11.5,42,250,4.1
12.1,43,230,1.5
14.3,62,70,2.4
11.6,33,270,7
2.4,34,320,4.1
17,50,50,2.5
19,44,290,3
15.6,18,270,5.3
13.1,21,230,1.9
11,40,50,3.9
20.8,26,70,2.7
17.7,35,200,4.8
15.5,49,160,4.8
10.8,35,320,1.7
2.2,34,290,6.5
15.9,41,340,2.6
15.7,23,250,4
9.7,24,290,2
12.8,42,230,8.2
8.4,40,230,3.2
4.9,48,250,3.1
4.7,18,270,6
4.8,64,90,2.8
8.4,18,320,3.2
10.6,15,160,3
-1.2,30,20,1.1
11.5,34,360,6.7
11.5,18,340,3.4
11.9,63,20,1.5
19.4,49,200,1.9
23.1,41,250,3.3
4.6,36,230,1.2
4.3,18,290,2.6
18.3,42,140,2.1
15.3,33,140,3.3
17.5,18,0,0.3
15.6,13,340,3.1
33.8,51,340,2.6
23.4,50,70,0.7
22.5,15,180,2.6
13.7,16,320,1.5
14.6,27,290,4.1
14.8,51,270,2.7
15.9,38,180,0.9
14.7,38,160,5.3
21.1,11,290,2.7
5.2,42,140,2.5
3.7,33,110,1.9
27.6,26,50,2.1
22.8,40,200,2.9
16,63,0,0.1
11.2,15,320,1.6
28.4,80,140,3.6
28.4,24,270,6.2
15.7,82,230,3.6
5.2,41,360,0.5
6.7,31,140,3.3
12.8,19,320,4.9
18.3,56,230,6.7
24.4,33,200,6
27.5,21,250,2.3
31.3,36,50,2.1
17.6,30,230,3.7
22.1,14,180,4.5

-4.3,89,0,0.4
-1.4,21,270,5.5
17.8,36,200,4.3
9.3,48,50,1.9
7.5,38,320,6.3
29.1,32,90,1.6
28.4,11,290,5.6
20.9,26,290,3.4
26.8,12,180,1.1
9.2,24,180,3.6
12.2,13,250,4.3
26.6,24,320,1.7
17.1,25,160,5.8
18.5,17,320,3.6
17.1,32,320,2.9
11.1,77,70,2.3
-2,47,320,7
3.4,27,360,1.8
-1,81,70,1.5
19.6,49,110,3.4
15.1,27,250,5.4
15.3,69,360,1.2
18.7,20,90,3.2
15.5,32,360,1.3
4.8,41,20,4.3
18.5,23,270,2
27.2,26,270,2.5
22,66,180,6.5
23.1,41,250,7.8
18.7,17,90,1.5
16.7,23,140,2.4
7,25,360,4.4
3.5,22,340,6.7
9,20,270,3.5
20.8,40,140,3.3
23.7,11,270,3.8
20.4,18,250,3.3
16,19,230,3.8
19,27,160,3
12.7,12,290,4.7
9.2,16,320,11.5
11.3,22,290,7.1
0.2,22,270,4
8.5,35,110,3.5
17.1,32,270,3.4
11.1,43,290,5.6
5.8,77,360,4.5
8.6,32,270,1.6
7.1,47,70,2.4
29.2,82,110,1.5
7.7,22,270,3.3
23.7,17,270,2.8
24.2,32,110,1.2
28.5,33,160,4.6
18.2,16,20,1.7
30.9,28,270,2.3
26.3,21,270,4.4
17.6,29,250,6.2
23.2,23,180,2.5
14.6,80,360,1.9
21.2,32,270,2.8
21.9,18,160,1.8
12.3,31,360,3.6
19.7,16,320,2.5
10.4,25,230,1.6
16.7,19,270,3.9
18.9,20,270,7.1
13.2,20,290,4.9
22.1,27,200,3.8
12.4,30,360,4.4
12.4,25,320,3.4
3,29,270,2.2
2.7,56,250,2.1
9.8,37,70,1.1
8.1,18,320,1
-1.6,39,230,1.5
4.5,19,230,2
4.7,22,50,2.2
21.1,86,0,0
34.5,51,360,5.9
28.3,89,140,1.5
20.3,25,200,0.5
27.8,9,250,4.5
27.7,10,160,3.3
29.5,23,140,2.1
11,67,160,4.3
21.4,33,200,4.8
23.8,36,200,3.6
22.1,47,290,1.5
18.7,32,340,2.9
20.3,29,250,1
22.7,24,320,1.7
18.4,35,270,1.1
5.6,58,90,1.4
6.3,29,50,1.1
4.2,27,270,3.7
5.2,17,250,2.1
0.9,26,320,2.8
-3.5,25,320,6.5
8.9,7,0,0.3
-1.3,11,290,4.1
-0.3,81,0,0.3
7.2,19,290,2.4
6.3,15,320,1.7
29.2,80,50,0.8
23,69,160,3.5
23.3,73,70,1.5
19.6,41,320,2.2
16.7,45,270,1.3
19.7,16,250,7
20.7,12,270,4.5
25.2,43,230,2.2
18.9,51,360,1.3
19.2,64,140,2.5
19.8,56,140,2.6
25.9,29,230,2
18,66,110,2.2
19,66,230,2.4
25.2,17,230,2.2
19.3,16,250,5.6
19.1,24,320,4.2
14.6,21,340,3
12.4,36,270,3.3
13.4,20,200,1.5
8.7,62,20,1.8
12.2,24,320,4.8
11.9,49,110,2.2
12.3,20,320,4.3
13.8,23,340,1.3
11.2,26,160,1.7
12.3,26,90,2
9.9,22,290,5.5
5.1,16,290,5
-2.8,45,230,2
24.8,55,140,2.2
18.5,38,140,1.7
18.3,33,230,4.5
22,18,140,2.5
17.3,26,20,1.8
23.5,10,290,1.9
20.2,15,250,3.5
11.7,76,200,3.8
4.3,74,70,0.6
17.6,10,180,2.5
10.1,28,290,3.1
6.5,25,290,4.2
5.7,25,50,2.5
6.5,53,180,1.6
2.3,38,20,2.6
-0.9,18,320,3.7
-3.9,88,20,0.6
13,38,270,2.2
20.8,26,290,1.8
15.6,66,270,7.8
11.4,73,290,1.7
24.9,25,160,1
29.6,31,340,1.2
27.6,59,50,4.3
30.1,41,160,3.6
26.7,69,180,6
19.6,89,50,2.6
30.1,26,250,3.2
25.8,33,230,2.7
18,51,110,1.2
25.2,19,180,4.1
27.9,23,290,3.8
14.9,65,270,0.6
26.8,19,290,2.5
21,25,230,0.9
25.7,14,250,2.9
22.7,18,270,5
19.7,24,90,2
11.6,14,70,3.3
13.1,17,290,5.5
11.9,63,160,4.3
3.8,59,20,2.3




11.1,28,270,7.2
20.8,26,200,1.2
11.3,35,250,1.8
32.6,15,250,2.1
26.6,26,270,8.4
16.1,64,110,2.8
16.4,70,140,3.3
20.3,26,230,2.9
24,12,180,3
23.8,18,110,2.8
14.5,55,140,5.1
25.6,19,290,4.3
20,30,290,4.9
11,76,180,0.8
9,43,340,9
3.5,82,0,0.4
16.5,35,270,4
7.6,19,320,1.1
16.2,13,160,2.9
7.1,50,140,4.5
11.9,43,110,2.5
12.8,33,200,1.4
5.3,50,360,2.1
-3.2,25,250,4
10,28,90,2.9
0.3,46,140,0.7
2.5,18,180,1.1
4,79,290,7.4
8,55,270,5.7
4.6,16,320,5.6
30.8,62,140,2.8
13.3,41,90,0.5
22.6,58,200,7.4
10.9,33,200,3.3
17.4,19,250,1.9
25.7,25,230,4.6
20.6,20,180,7.1
17.2,27,200,2.4
18.8,18,250,3.1
16,17,180,1.8
9.6,31,250,2
13.1,15,250,1.4
-0.8,68,250,1.8
1.6,52,70,2.3
27.6,39,110,5.1
26.1,54,20,1.9
27.9,15,270,2.6
22.1,21,160,4.6
21.5,71,140,1.6
18.5,27,270,2.2
21.7,30,250,5.3
10.2,69,50,3.1
12.4,37,160,1.8
9.6,35,270,2.1
13.4,20,180,1.6
5.2,24,320,6.1
0.3,18,320,4.1
12.1,76,160,5.4
17.5,17,160,3
20.4,16,270,3
21.9,12,230,1.5
21.3,11,230,4
21.1,10,230,2.7
10.6,28,320,3
6.7,30,140,2.4
8.7,21,250,3
16.6,23,250,4.4
8.4,19,270,7.8
11.6,64,90,4.3
14,15,270,4.8
10,19,290,4.5
8.7,22,290,4.4
12.3,34,320,7.4
-3.8,19,320,1.4
-1.7,19,290,5.9
1.6,14,320,3.4
-1.9,25,290,4.4
-3,42,270,2.7
0.5,34,290,4.3
11.6,60,230,4.1
11.4,51,160,4.8
6.3,46,70,2.2
8,32,340,3.3
15,48,340,1.4
23.8,17,270,4.6
20,56,110,2.2
4.9,73,360,5.1
6.6,30,270,5.7
15.3,27,50,2.3

4.9,11,270,1.1
-4.5,23,250,5.8

6.4,30,180,2.9
0.9,28,340,3.6
3,23,340,6.8
9.5,63,360,1.3
24.2,41,140,1.3
24.1,17,270,5.4
30.6,14,250,2.9
30.1,13,160,5.4
16.2,71,360,3.9
20,42,290,0.7
13.5,91,160,3.8
24.7,33,250,2.8
15,46,290,0.9
27.3,14,180,1.7
17.1,51,110,2.4
23.8,33,230,5.6
24.8,31,160,2.4
24.7,12,140,2.9
13.1,55,360,5.6
25.4,14,270,2.6
25.2,13,140,1.8
21.8,23,140,4
23.1,16,340,4.6
13.3,62,140,4
16.6,35,270,3.9
16.9,26,320,3.5
16.3,31,270,2.7
7,56,340,6.1
5.3,87,160,2.8
11.5,52,50,3.7
5.3,27,290,2.4
11.9,25,320,4.6
5.5,29,340,4.6
21,10,250,3.2
13.5,32,230,0.7
10.3,27,230,4.2
13.5,27,110,2.3
14.3,32,110,0.6
11.1,17,290,3.4
11.6,16,270,4
11.4,31,20,1
9.6,15,290,5.8
10.5,21,110,2.6
2.9,20,320,4.2
-4.4,86,180,0.8
5.1,67,270,0.6
8.7,18,290,5.7
7.4,27,290,4.9
17,75,0,0
24.2,38,50,1.7
28.8,23,180,1.8
25.4,20,270,2.7
22.3,35,160,4.6
20.9,12,160,4
26.1,25,180,3.3
26.4,32,270,3.4
26.7,14,250,1.6
17.5,53,160,4.7
18.7,45,140,3.7
20.2,21,110,4.5
20.6,15,270,3
20.6,18,340,4.3
12.4,45,160,0.7
18.5,30,230,2.5
16.4,21,270,5.1
9.5,41,50,2.2
9.9,82,20,1.8
8.5,63,340,4.3
8.6,25,320,2.2
9.6,22,290,4.4
5.6,19,230,2.7
1.7,22,340,5.9
9.8,28,180,2.4
1.5,36,360,6.1
1.7,31,230,3.7
-2.9,60,340,0.9
3.2,81,250,0.5
15.4,12,250,1.7
13.8,40,320,4.1
7.4,25,250,4.3
22.8,65,140,4.8
24.8,61,110,4.7
25.7,18,110,1.9
22.9,12,250,3.6
20,15,320,3.2
25.3,37,270,4.8

12.8,68,140,3
16.5,19,250,2.7
15,66,160,4.5
18.1,14,320,2.5
15,22,340,1.9
17.7,38,160,3.8
14.1,28,110,2.3
9.5,37,360,4.8
14.3,58,50,2
17.4,41,90,2.5
16.2,27,160,3.3
15.3,31,290,3.5
9.6,69,360,6.5
10.8,22,340,4.7
10.5,20,180,1.7
11.8,42,270,6.6
11.5,24,140,2.8
12.4,30,140,5.3
12.1,29,70,2.5
12.9,29,270,3.2
6.7,55,90,2.6
7.3,24,270,2.7
5.2,42,340,4.9
13.8,31,290,2.2
15.8,17,200,1.1
12,24,90,1.2
4.4,49,320,7.7
6.5,28,140,2.2
0.8,71,250,1.4
3.6,61,340,4
9.5,28,320,1
-1.9,32,250,0.6
-1.6,37,200,0.8
3.3,24,290,3.6
4.1,30,320,4.6
9.8,24,290,2.6
24.3,30,50,3.5
22.1,57,110,2.2
18.6,47,160,1.3
13.3,65,140,5.3
17,39,50,7
15.6,36,200,2
5.6,81,180,1.4
7.5,87,340,4.8
7.7,22,270,3.9
16.2,15,320,3.1
16,28,250,5.7
16.6,19,230,4
13.3,16,340,2.3
14.8,23,290,3
14.3,36,270,7.5
16.8,19,90,3.1
14.6,26,160,1.9
1.3,37,360,4.3
15.2,38,140,3.1
9.6,13,360,1.9
5.3,16,320,5.2
-0.5,31,290,2.1
-2.2,69,320,0.7
8,60,70,2.3
-0.1,41,360,2.6
0.6,27,250,3.1
5.3,25,290,7.6
-1.5,24,290,7.9
14.6,33,290,3.1
13,41,290,3.1
9.6,22,70,1.3
18.5,81,160,0.9
32.9,42,180,1.8
27.2,15,320,1.3
28.3,18,250,4.2
19,42,140,4.9
24.2,43,230,3.8
26.7,21,180,5.3
22,23,230,3.2
19.7,31,340,1.5
15.1,44,180,3.4
2.2,86,0,0
18.1,25,340,3.7
15.8,22,290,7.2
23.8,26,160,3.3
21.6,25,200,1.7
13.9,58,50,2
20.1,36,250,5
15.7,37,200,9.4
16.8,28,230,3.4
11.6,28,230,4.7
11.9,36,200,3.4
14.6,27,250,4.5
17.2,22,320,4
7.2,83,340,4.2
7.2,83,340,4.2
18.7,18,250,3.9
16,38,200,3.3
13.8,19,250,5.3
11.7,55,110,4.1
13.3,18,270,7.1
12.9,17,270,6
15.9,43,290,3.3
13.3,26,270,4.9
10.3,44,340,6.8
6.9,28,340,2.7
4.8,34,140,3.9
4.9,34,360,4.1
2.9,23,270,3.7
2.7,38,320,6.2
0.7,45,20,2.2
2.8,68,320,0.7
16.7,38,250,3.6
15.5,52,200,3.7
12,47,230,6
6.3,27,250,4.6
5.3,17,340,4.4
5.5,27,290,2.3
7.7,24,70,2.9
7,35,360,6.8
-0.7,29,360,3.4
-2.5,15,320,4.2
2.8,33,340,0.8
5,25,320,4.7
0,20,270,7.3
-0.1,13,270,4.9
-1.5,23,320,8.7
7.1,33,140,0.6
10.6,55,320,5.9
11.1,38,140,1.9
20.4,35,270,2.1
30.7,29,290,2.2
22.9,50,140,3.4
16.2,37,290,2.4
19.4,15,270,6.9
16.1,60,140,4.8
13.4,78,0,0.2
20.6,29,320,1.9
22.6,25,230,3.8
16.9,27,160,4.6
21.6,25,200,3.7
18.8,25,290,2.2
16,25,110,3.8
15.1,16,200,3.4
12.6,27,340,1.3
12.3,40,110,2.7
17.2,18,270,4.1
14.6,16,270,1.2
17.7,13,290,3.1
17.3,19,340,1.3
-2,31,340,3.9
9.6,15,230,5.1
4.9,23,290,4.5
12.8,66,140,3.8
9.6,70,50,2.1
15.7,7,270,5.5
7.4,43,110,1.1
4.6,38,270,10.1
5.7,23,320,2.8
0.2,54,290,3.9
5.9,56,50,0.8
-3.2,39,360,1.1
1.1,23,340,5.7
12.9,84,320,0.5
22.3,45,180,3.7
24.9,36,250,3
20,39,50,1.7
22.9,19,140,2
19.6,28,320,5.2
20.1,28,140,4.1
17,30,50,3
17.2,24,140,1.2
13.9,35,0,0.1
22.1,14,290,4.2
17.9,34,200,6.1
21.2,20,290,5
17.1,25,290,3.5
17.6,15,160,1.8
13.5,45,140,4.2
16.9,16,230,3.3
16.6,23,180,2.1
18.8,19,360,1.5
17.3,25,70,4.1
20.9,21,70,2.4
11.2,37,70,1.6
15.3,28,320,2.7
7.8,41,320,3.2
7.1,20,290,2.9
27.3,44,270,3.5
18.3,82,320,1.1
4.8,57,270,7.4
19.9,12,250,6
0.4,31,320,1.5
8.1,60,360,0.9
13.7,21,290,6.8
17,50,160,0.5
0.3,13,340,4.4
25.3,21,90,3.4
15.2,22,160,4.3

13.8,14,180,1.6
2,30,200,1
3.3,44,180,1.3
8,26,340,2.5
9.1,65,340,0.9
21.2,27,200,5.8
18.9,37,230,3.5
11.9,20,200,3
6.9,30,270,2.2
6.4,56,290,1.7
18.9,22,290,4.5
16.7,40,230,5.2
14.7,26,320,3
12.3,26,290,4.3
17,10,270,2.5
5.7,36,340,6.1
33.3,51,360,1.4
19.3,46,70,1.4
22.7,17,250,3.7
22.1,17,320,2.8
19.9,20,290,2.8
15.7,14,320,3.3
33.4,16,340,3.6
24.2,44,160,4.1
31.1,14,230,1.3
12.7,79,0,0.1
6.6,54,90,2.7
6.8,22,290,5.3
10.6,23,290,5.8
8.3,28,320,2.7
27.1,47,340,3.2
22.3,40,140,2.8
18.3,31,250,4.3
15.5,46,160,1.9
16.1,33,230,7.4
14.1,29,200,6.2
14.4,10,230,2.6
5.9,13,320,4.1
16.9,15,270,3.4
19.7,22,160,3.3
8.1,20,290,4.9
13.1,18,290,2.1
16.7,29,250,2.9
3.4,57,160,0.7
17.3,31,270,1.1
16.2,22,270,3.2
16.1,66,110,2.5
3.5,39,290,4.9
6.9,27,70,2.1
-5,68,270,1.4
18.9,75,70,3.2
18,39,160,3.7
25,16,230,1.8
19.3,29,50,2.6
20.5,14,290,4.9
9.7,25,290,3.1
9.1,27,270,3.1
7.5,21,110,2.4
6.8,38,340,1.6
-0.2,22,290,5.1
4.9,52,0,0.3
18.9,32,110,1.9
10.5,79,290,1.2
16.4,67,140,3.8
21.1,12,160,6.3
16.2,17,180,2.8
15,28,270,5.5
11.7,68,140,4.6
-1.4,30,320,3.6
-1.2,27,20,4.1
19.5,33,110,1.8
16.2,36,290,1.8
7.4,24,270,6.9
7.8,53,250,6.9
6.4,35,250,3.1
11.6,33,90,3.8
15.4,36,140,6.8
14.1,29,20,3.5
9.3,52,270,2.7
11,30,230,2.3
14.1,13,200,4.4
2.5,36,230,2.9
3.5,17,250,2.2
20.6,57,140,4.9
18.9,54,140,4.2
25.3,21,230,6.1
27,14,200,5.3
12.5,63,70,1.8
13.1,21,250,1.5
12.2,35,270,3.8
13.6,32,250,4
8,28,200,4.8
17.1,34,110,2.3
14.5,64,140,4
14.3,44,360,2.4
15.7,52,160,7.1
16.6,15,290,1.7
11.3,29,290,5.4
1.1,23,340,5.7
9,30,250,1.4
17.2,32,70,2.1
7.3,43,250,3.5
8.9,41,250,5.5
19.3,19,250,3.3
15.3,38,20,2.2
13.9,26,110,2.7
5.8,21,340,3
5.4,55,270,0.8
13.7,27,200,1.3
15.9,38,360,0.8
-6.7,24,270,6.1
7.5,38,270,3.3
19.5,64,250,3.4
20.3,68,250,1
24.9,30,340,2
12.4,54,230,3.7
-1.5,80,50,0.8
-8.9,62,0,0.3
22.2,51,90,3.5
5.9,23,360,4.4
8,48,250,2.6
7.6,71,340,4.5
22.7,38,290,1.9
2.7,25,360,3.2
17.7,13,290,3.1
11.2,55,250,9.7
4.8,32,360,3.2
13.5,48,200,4.8
4.9,18,290,6.1
1.6,28,340,2.6
19.5,99,0,0.3
20.1,57,0,0.3
23.5,37,160,3.3
26.3,37,70,2.3
14.7,75,360,2.9
15.9,24,140,2.7
16,33,320,1.5
12.9,68,160,0.8
10.2,39,230,4.5
10.4,22,340,1.3
14.9,22,250,2.7
17.8,38,290,2.3
19.9,33,290,3.7
10.7,38,180,3.8
6.9,27,290,2.6
13.4,20,290,2
9.1,55,340,3
7.7,40,250,3.4
-5.4,64,0,0
2.7,40,320,3.9
1.4,51,360,0.7
0.7,57,270,0.8
1.7,83,290,1
-13.1,41,290,2.7
4.9,23,290,0.8
9.3,28,320,4.7
27.9,91,360,4.3
33,45,320,3.6
33.7,55,20,2.4
31.6,24,20,1.4
29.2,20,180,1.3
26.1,28,180,4.1
22.8,13,270,4
14.6,25,270,2.7
24.6,49,250,1.9
15.6,26,250,1.9
21.1,47,230,4.4
15.7,21,160,2.7
0.2,14,320,3.1
2.3,29,270,2.1
5,97,0,0.3
27.1,56,180,2.2
22.8,86,20,1.7
21.7,70,340,0.5
14.2,91,200,1.4
20,51,70,0.9
16.5,71,140,1.2
21.7,55,0,0.1
27.6,37,340,2
27.4,29,270,3.6
17.6,72,140,2.4
20.6,29,320,3
23.9,18,290,5
20.6,32,110,6.2
18.7,21,340,3.9
21.6,35,230,2.6
12.8,38,250,2
18.2,21,200,3.4
16.2,37,270,2.7
16.2,37,250,3.2
10,49,290,3.1
13.5,39,320,3.2
6.3,44,110,3
15.4,38,70,1
16,17,270,3.5
12.4,14,320,1.7
5.4,73,20,6.5
10.2,31,160,2.4
13.8,20,250,2.7
13.1,38,230,3.8
13.9,23,320,2.7
12.9,36,140,3.2
9.5,30,50,3.1
14.3,42,250,2.8
3.1,38,270,3.4
2.5,33,230,1.1
-2.7,37,290,5.1
11,28,70,0.7
7.9,15,160,1.9
28.6,38,0,0.4
19.4,65,70,0.8
24.1,11,20,1
19.8,51,160,4.3
24,12,270,1.7
22.5,13,180,1.9
22.5,13,180,1.9
17.5,36,320,0.9
16.1,21,270,1.5
9.4,27,230,2.2
16.3,43,160,0.9
16,15,160,1.6
13.1,25,90,1.4
10.2,37,320,2
2.6,19,340,5.7
-2.2,32,160,1.7
-0.3,73,270,1
-0.9,17,270,3
-3.4,99,340,1.1
-3.3,34,90,0.9
-1.4,44,290,5.7
1.6,32,250,3.1
1,37,340,1.9
17.1,38,140,2.6
15.5,29,250,0.7
18.1,66,290,1.1
26.7,21,160,2.4
20.8,74,160,3.4
24,46,160,0.7
26.4,22,340,0.9
30.2,14,320,3.5
28.6,31,200,3.6
22.4,61,230,2.5
21.8,35,200,1.8
28.1,23,70,1
30.2,22,250,4.5
26.7,11,180,4.3
26.5,16,270,2.7
20,35,230,2.6
16.3,33,140,2
12.1,48,50,4.7
15.1,69,290,3.6
5.2,58,290,9
16.8,12,320,6.1
15.7,35,160,3.4
13.5,53,160,1
7.3,37,90,2.7
9.1,21,250,8
7.2,49,250,4.4
-7.3,41,270,5.9
6.9,56,250,4.6
9.5,51,230,3.4
4.7,32,320,2.6
-4,64,70,1.3
16.7,37,250,1
26.1,34,270,4.7
12.5,79,200,0.5
21.9,34,160,3.4
15.1,34,70,4.5
17.6,23,250,3.7
18.9,49,140,2.2
23.3,24,160,4.8
15.2,43,290,2
21.6,14,20,5.8
21.9,16,320,5.2
21.5,21,270,2.3
18.7,42,290,1.6
14,56,270,1
24.1,27,20,2.6
17.5,28,200,1.7
23.5,12,140,0.9
11.9,20,320,5.5
9.1,34,360,5.7
16.6,24,250,3.6
13.7,27,90,1.4
12.5,20,180,5.7
4.9,42,360,3.5
6.5,33,340,1.8
-2.1,68,270,1.8
8.3,32,320,4.8
12.1,23,160,5.1
12.1,18,160,1.3

9.9,30,270,5.3
8.6,44,270,3.6
29.5,74,160,3.1
30,66,140,4.2
17.7,67,140,2.6
20.4,25,360,5.5
18.8,41,320,3.8
21.7,22,270,4.8
15.3,40,70,3.1
18.4,23,270,3.6
20,22,200,6.8
14.1,29,200,6.2
9.6,40,250,4.2
19.3,20,140,1.6
9.4,17,250,3.8
18,33,250,2
11.8,14,340,4.1
7.1,71,110,3.3
17.7,21,200,3.3
12.8,25,250,1.5
10.4,26,340,4.2
16.9,56,250,7.9
24.8,17,230,7.6
23.2,24,20,0.8
14.3,32,70,0.9
11.2,36,140,2.4
10.5,46,50,0.9
9.9,15,360,1.6
-0.2,51,250,0.7
0,30,0,0.2
6.3,17,90,0.7
4.1,40,20,3.5
29.1,29,270,4
22.8,36,230,2.7
28.4,29,270,2.1
24,18,270,5.3
16.1,31,160,5.4
19.6,25,140,2.3
15.4,61,0,0.3
14.7,15,290,7.1
19.5,23,290,2.6
14.7,59,270,3.8
13.3,27,140,3.6
7.7,21,90,2.8
12.6,70,290,0.5
2,18,290,1.2
18.6,41,340,3.1
24.4,20,230,3.4
15.8,45,230,8.2
17,30,180,1
19.1,20,230,4.1
15.9,33,140,2.3
21.7,9,250,3.4
13.5,63,140,3.5
11,27,290,1.8
21.6,8,320,3.2
18.4,14,360,4
17.8,17,140,1.7
14.5,31,320,5.3
15.8,20,250,3.9
10.7,36,270,3.6
10.5,15,360,2.3
6.7,33,50,3.3
14,15,270,4.8
10.3,17,270,6.4
5.1,20,250,3.4
3.5,78,360,5.3
-2.4,73,50,7.1
-0.4,93,70,3.9
11,16,250,5.5

5.5,30,360,1.4
-3.3,45,160,2.4
-5.4,20,270,2.4
-1.2,33,270,1.5
3.8,20,270,1.8
2.4,16,180,1.4
4.1,26,290,10.6
1.3,52,0,0.4
14.4,44,290,2.3
21,31,180,5.1
20.6,31,230,1.5
14.3,26,320,5.6
13.8,20,270,3.7
12.4,22,290,3.3
10.9,21,340,3.1
18.4,21,90,2.2
19.8,14,230,1.7
12.3,25,140,2.4
9.4,43,50,2.5

4.3,32,110,1.7
3.1,13,250,3.1
-5.8,45,270,1.3
-1.3,13,270,3.4
0.9,28,180,2.1
9,52,180,2.5
20.5,38,110,4.7
23.6,41,340,4.4
28.5,22,0,0.4
24.3,38,180,3.2
12.3,59,0,0.3
26.5,17,160,2.4
26.1,20,250,3.9
27.1,15,180,5.9
27.4,15,290,1.9
23.2,26,140,3.6
24.2,21,320,3.6
25.1,21,230,2.2
19.5,33,110,1.4
23.6,15,340,0.8
15.1,67,140,4.8
17.4,28,0,0.4
15.4,39,320,2.5
17.8,29,320,4.3
10.2,58,250,0.7
17,19,250,4.6
9.5,70,320,1.4
4.5,76,180,0.6
13.3,34,250,1.9
15.6,22,270,4
10.4,26,70,1.3
8.5,39,360,3
8,20,320,4.6
10.4,71,50,2.6
14.3,49,360,1.6
9.8,59,160,6.4
16,78,200,2.7
8.2,25,110,1.7
7.8,20,270,1.3
15.9,24,360,1.9
11.4,31,20,1
12.2,10,340,3.5
3,41,290,3.5
13.1,32,320,1.6
12.3,27,180,1.2
-0.6,36,270,5.1
-2.1,28,70,1.6
-6.4,33,0,0.4
3.5,24,270,7.3
1.8,27,160,1
1.1,37,270,4.2
0.5,29,320,4.4
-9.3,88,0,0
2.6,58,270,1.5
5.3,34,290,7.8
9.7,28,320,1
5.2,44,200,1.9
11.3,62,20,4.2
23.8,44,140,3.2
23.2,32,160,4.7
30.2,51,90,1.7
20.2,25,90,2.3
18,30,50,4
15.1,47,50,3.3
25.1,10,250,3.6
23,18,70,3.7
21.1,42,250,2
21,18,160,1.3
18.4,34,160,4.3
20.1,21,320,3
8.7,58,140,3.1
4.8,88,270,1.4
3,82,0,0.1
12.1,23,160,1.5
14.3,27,340,4.6
16.5,15,20,3.3
13.2,32,20,2.1
12.8,22,320,3.8
14.6,51,250,4.2
8.8,28,270,2.6
13.6,23,250,4.6
8.8,45,290,3.8
10.3,26,320,5.7
8.9,62,290,7.6
1.4,83,110,2.2
4.7,29,50,2.1
7.6,22,340,6.1
3.5,26,320,3.9
0.1,24,340,6.8
1.4,31,360,1.9
2.1,17,340,3.7
12.3,45,360,0.6
7.9,18,200,1.6
15.9,65,290,3.1
23.1,65,110,5
21.6,70,90,2.9
28.3,19,50,5
26.1,52,20,2.2
18.6,60,270,0.8
27.3,13,270,3.3
22.3,16,270,3.8
24.8,13,270,2.9
24,11,250,5.3
20.8,28,270,2.7
19.2,24,140,2.9
15.7,32,250,1.6
7.9,84,340,3.2
17.7,22,360,1.8
18.6,19,270,3.2
15.1,62,320,4.6
8.3,34,360,7
11.7,34,20,3.3
19.1,23,160,3.9
17.4,35,340,2.9
7.3,61,290,4
11.3,57,320,4.7
10.8,41,290,1.7
14.3,24,270,2

11.1,32,0,0
8.8,37,200,2.4
10.5,29,250,1.3
12.5,35,180,2.6
8.2,23,270,3
13.3,10,320,1.9
8.3,30,360,4.2
11.1,38,200,0.5
6.3,39,250,4.5
10.1,37,250,5
15.9,24,230,2.2
7.6,34,290,2.1
8.9,30,320,2.4
-1,16,320,3.5
-4.6,78,0,0.4
1.7,53,290,6.6
14.8,49,20,6.2
14.2,53,90,3.2
15.1,87,50,2.6
27.2,33,340,1.4
24.7,36,140,1.4
25.7,53,180,6.4
10.7,94,360,1.4
25.7,19,200,3.9
10.2,29,70,1.9
10.2,31,230,1.5
9.8,28,290,5.8
5,30,340,8
9.7,20,360,6.9
5,31,230,5.6
14.7,27,270,3.6
11,24,250,1.1
11.6,18,320,1.9
10.8,61,180,1.2
13,21,250,5.4
18,14,180,2.8
15.5,24,230,9.3
14,27,180,1.3
13.1,26,160,1.8
8,51,360,6.3
6.6,27,140,1.2
7.9,19,320,3.1
12.3,26,270,4.5
1.8,30,250,6.1
4.7,16,360,6.4
17.7,27,200,4.8
0.3,60,250,0.9
4.1,21,250,5.5
16.7,17,360,1.1
10.2,51,140,2.8
12.6,25,20,0.8
10.5,55,140,2.4
7.9,50,110,2.3
7.6,37,290,1.1
2.5,41,230,2
7.1,14,270,2.1
0.6,31,340,0.7
8.3,50,270,5.4
-12.6,36,360,6.3
-5.5,38,250,8.9
-4.3,49,290,3
8.5,42,290,5.3
10.4,25,110,2.4
20.4,64,70,2.1
17.2,73,140,4.4
26,21,360,3.5
27,31,160,3.6
9.3,85,200,0.9
25.9,49,230,2.9
25.3,16,230,5
22,20,250,3.7
17.6,10,270,5.5
13.8,12,360,4.2
23.7,20,290,1.7
23.7,37,290,2.5
23.3,19,160,4.2
25.4,12,250,3.7
24.6,17,250,7.8
21,25,230,4.2
15.8,29,90,1.7
17,27,270,2.9
15.6,27,270,2.7
18.7,18,270,3.3
19,20,200,2.1
17.8,24,250,3.3
20.3,15,250,2.9
17,24,270,4
11.1,27,290,5
14.5,25,250,5.5
12.4,23,250,4
8.5,47,250,5.6
9.6,57,140,3.1
10.9,40,250,1.6
10.5,40,290,5.6
11.6,20,20,5.9
10,35,290,6.2
8.8,30,250,5.3
15.1,32,20,0.4
5.6,44,110,3.2
9,21,360,2.3
6.1,19,290,3.4
-1.7,50,320,8
16.6,58,230,4.7
15.6,68,180,3.6
10.8,21,270,5.4
16.5,49,250,3.3
11.3,52,230,6.2
11.8,36,290,4.2
1.6,26,110,2.8
2.5,19,340,4.4
6.5,34,140,3.2
5.4,25,230,3.1
4.1,18,290,3.2
-3.5,29,270,5.7
-1.2,27,340,3.3
-1,29,290,2.8
1.9,11,320,4.4
2.7,17,320,7.5
-3.9,30,320,2
12.3,39,70,2.2
11.1,68,180,0.5
18.2,62,70,1.6
17.6,17,270,5.1
20.3,36,290,2.2
22.5,68,50,2
26.1,32,140,4.8
24.1,25,250,4.9
20.1,39,90,1.5
19.9,59,180,2.4
18.2,25,230,6.8
25.8,21,270,3.2
26.2,20,250,1.9
18.1,34,180,1
22.7,30,250,3.1
21.2,15,270,4.4
21.8,33,250,2.8
20.7,30,140,1.8
17.5,47,230,4.7
23.1,13,250,2.4
23.9,12,290,3.4
17.5,37,250,3.9
15.8,26,200,4.7
17.2,23,230,2.4
16.1,27,140,2.6
13.8,7,290,6.6
15.6,17,250,4
20.3,41,250,2.9
13.2,62,20,2.3
15.8,26,110,1.5
12.6,70,110,3.3
19.2,28,230,4.7
18,14,340,4
12.6,49,90,2.9
7.7,21,320,2
9,33,360,0.6
14.6,9,270,5
11.2,11,270,4
16.3,17,180,2.3
13.8,12,110,3.9
10.2,20,270,3.3
6.1,38,320,4.8
11,19,290,5.2
10.3,22,230,2.9
9.8,22,230,4.6
6.3,36,90,2.7
2.2,26,50,2.6
6.9,34,360,0.7
5.4,31,270,2.4
-0.8,49,270,8.8
4.6,32,250,4.5
13.4,45,320,4.2
0.1,39,270,8.3
24.1,21,250,4.6
19.8,80,360,3
27.8,29,140,2.1
15.4,74,90,3.1
23.9,21,230,5.5
17.9,51,110,4.2
22.5,20,230,3
17.8,23,290,3.3
18.9,17,360,5.2
19,30,90,5.1
18.1,11,140,5.6
19.3,19,90,6.5
14.3,23,290,3.7
17.2,25,270,5.8
8.3,53,0,0.2
16.8,23,360,2
14,29,360,1.6
10.2,38,70,3.6
6.3,29,270,4.8
5.2,18,250,2.2
13.2,22,250,4.8
22.8,59,160,3.3
10.3,27,250,3.6
13.7,25,320,3.4
21.8,30,340,3.5
2.3,25,270,4.6
5.7,66,270,0.5
25.1,30,270,7.7
10.8,43,360,2.1
5.9,39,110,1
17.8,31,290,0.5
-0.5,32,160,1.3
35.3,41,360,1.7
21,39,200,5.4
24.8,50,160,3.9
21,74,140,2
7.1,32,270,5.7
24,41,320,1.4
28.1,31,140,2.1
19,32,230,3
12,49,200,0.6
4.3,39,200,1.2
5.2,33,90,1.5
21.1,50,50,4.1
19.2,40,70,3.4
12.4,21,160,3.8
10.5,22,250,2.2
21.2,16,230,4.9
9.1,53,90,3.8
2.9,55,90,0.9
4.3,59,110,2.5
20.2,26,340,5.5
19.3,21,270,3.6
24.9,45,200,0.8
-2.1,32,360,1.2
15,23,290,3.6
-1.2,37,250,3.1
28.3,78,110,1.8
12.3,38,140,3.8
11.2,75,20,0.9
21.9,67,230,7.1
14.6,26,340,3
6.7,13,320,3.5
16.9,46,160,6.1
18.1,15,270,2.8
19.6,18,230,5.8
22.3,30,290,3.1
11,10,290,3
19.1,81,110,2.7
31.1,22,180,2.8
29,23,290,4.5
28.8,33,140,1.9
26.1,43,140,1.6
28.5,25,160,1.6
29.2,20,320,2.7
13.5,57,250,0.7
18.2,23,340,2.9
24.6,18,180,2.4
22.9,11,200,1.4
22.1,13,270,3
17.3,19,270,5.5
12.5,42,230,3.7
13,16,200,3.5
12,34,140,3.3
19.4,23,320,2.7
7.4,49,20,3.5
7.5,20,270,5
15.3,8,270,3
3.7,54,20,1.2
12.2,25,290,1.1
9.4,37,180,1.6
7,43,250,0.8
0.1,35,360,3.5
8.5,26,290,3.2
4.2,22,320,2.8
6.4,13,290,6.4
-1.9,33,290,4.2
-1.5,81,0,0.4
7.5,15,230,2.4
2.1,29,340,2.2
5.9,19,320,2.3
-1.8,51,290,1.2
-2.4,50,360,6.3
7.1,31,340,3.8
15.6,57,110,2.2
19.8,43,90,2
30.3,27,140,4.2
35.3,35,50,1.6

21.8,13,290,2.9
23.5,32,270,2.8
20.5,53,250,1.9
19.3,39,180,2.5
16.2,70,50,3.5
18.6,49,270,4.6
18.5,27,140,1
16.6,25,160,1
20.3,48,230,2.2
1.8,75,0,0.1
-1.6,37,0,0.1
8.9,22,270,2.6
8.7,13,290,3.1
-3.3,21,290,3.2
2.5,16,290,2.8
4.4,28,140,2.4
-5.2,20,270,5.3
-4.4,39,290,2
-0.3,29,320,4.6
-0.1,44,340,1.6
3.2,48,340,4.9
1.8,56,320,0.7
5,17,290,2.7
14.1,58,360,5.1
18.1,60,0,0
28.8,51,90,1.2
21.7,84,110,1.5
34.4,17,290,2.2
19.2,85,160,3.4
23.7,44,290,1.6
15.3,79,320,1.8
22.9,52,160,3.2
26,27,180,1.6
13.9,80,160,1.5
25.3,30,230,1
18.3,61,140,3.3
16.5,28,290,2.6
17.3,44,140,3.2
18.9,56,160,4.4
20.7,22,250,3.2
24.7,23,320,2.9
16.3,7,160,3
15.4,14,140,3.4
22.2,22,50,1.3
16.9,27,250,1.4
7,84,320,2.9
8.9,43,250,2.9
18.5,13,270,1.7
19,14,160,2.3
16.5,20,50,1.6
17.4,19,230,1.9
15.7,12,320,3.3
7,40,250,2.7
8.5,41,20,3.2
11.2,31,290,2.1
13.9,12,250,1.8
11.5,19,20,1.1
4,54,250,1.2
5.4,17,340,5.4
12.4,34,140,3.9
0.5,59,160,0.7
10.2,15,270,3.4
11.2,57,230,4.3
9.7,24,110,2.4
4.4,44,230,5.2
2.8,49,360,1.2
-2.2,24,20,1.4
3.1,21,290,6
25.4,55,90,2.6
29.9,29,320,1.9
18,63,140,1.1
24.9,14,200,4.3
16.7,25,270,2.8
21.2,13,200,3.2
17.7,11,200,2
21.9,19,200,2.1
23.2,17,200,2.4
22.4,13,270,2.5
13.9,30,110,4.1
14.7,29,110,0.5
17.2,22,250,1.2
16,21,230,4.6
11.6,29,290,3
10.6,19,320,2.4
11.1,32,70,3
12.5,41,180,2.6
16.8,29,320,2.7
15.1,20,270,2.8
14.4,24,110,1.9
11.4,20,160,1.5
14,32,160,3.8
9.6,15,340,1.2
6.9,34,290,5.4
7.9,35,200,5.8
4.5,34,270,3.3
5.3,20,340,4.3
-6.4,31,290,7
5.4,18,290,3.1
3.2,37,270,5.3

16.1,35,110,0.7
10,18,320,4.3
19.2,22,320,7.2
24.1,39,200,1
24.5,22,230,1
24.9,37,160,2.2
24.7,41,20,5
27,36,340,2.7
27.2,63,200,4.8
18.7,78,160,3.8
24.3,32,110,1.3
23.7,17,160,3.8
23.7,42,140,3.2
13.1,26,270,6.4
19.9,46,230,2.2
26.6,15,270,3.9
27,29,270,9.2
18.6,52,290,2.8
19.2,26,200,3.2
15.4,40,20,7
20.9,22,270,5.5
20.3,25,160,4.9
17.3,17,270,2.6
13.5,24,140,2.6
6.7,53,110,1.9
7.2,48,70,2.3
9.3,14,20,3.9
14.3,10,320,5
13.1,17,290,5.5
18.6,15,270,3.2
17.7,22,290,3.5
9,52,70,0.7
9.7,50,140,2.3
3.8,45,20,0.6
5.9,67,160,3.7
7.8,24,270,5.4
8.1,26,20,0.9
6,30,250,6
6.6,35,50,2.8
9.3,29,270,5.7
5.7,53,70,1.9
-1,38,270,7.3
4.4,48,270,5
1.5,98,0,0.2
23.7,28,90,2.5
29.7,58,110,2
33.7,40,140,1
27.1,22,270,5.7
16.5,82,90,2.3
15,95,20,2
18.3,24,290,4.6
25,19,250,2.7
23.4,24,320,4.6
21.9,26,140,4.1
18.1,43,110,1.9
21.2,31,290,3.1
18.8,33,230,1.4
23.3,38,320,4.8
24.3,17,270,3.5
19.5,17,110,4.2
13.9,84,20,2.6
19.9,34,160,2.6
16.3,50,140,4.2
14.7,65,140,2.8
14.7,64,140,3.6
12.6,19,250,5.2
19.2,27,270,5.8
19.9,23,340,3.5
21,22,90,1.1
21.3,36,320,3.3
18.9,24,270,3.3
18.5,17,290,4.3
18.1,28,270,3.4
16.5,35,270,4
13.8,11,270,2.2
3.6,40,20,3.4
3.8,32,340,2.5
10.1,57,270,3.9
12.5,34,70,3.2
9.5,28,50,3.5
8.4,32,340,3.3
6.2,37,360,5.6
6.9,35,140,1.1
5.1,18,250,2.2
3.3,47,90,0.6
2.7,27,290,3.3
7.3,41,340,1.6
7.5,38,230,5
28.7,36,270,2.1
29,22,200,1.5
23.9,35,320,2.1
10.9,57,70,5.3
25.6,32,200,7.7
25.4,32,160,9.2
20.5,15,230,3.1
12.5,19,250,8.5
18.7,26,70,1.4
13.5,52,200,3.7
8.1,22,360,2.5
10.3,16,360,1.9
5.9,76,50,1.6
10.2,48,250,4.5

15.7,31,180,2.2
15,59,140,5.9
13.7,33,180,4.5
7.9,28,270,2.6
26.2,20,230,6.5
22.2,26,180,4.5
6.4,85,320,6.1
16.9,21,230,2.8
8.1,34,270,3.1
14.9,23,140,1
-4.1,19,50,0.5
25.1,32,270,2
27.9,86,90,2.4
21,77,20,1.1
27.3,51,360,2.9
28.5,47,230,2
27.2,34,320,5.6
22.5,53,110,4.4
19.6,75,230,0.8
16,71,0,0.4
12.4,83,160,2
9.2,50,270,3.1
12,16,320,3.5
13.1,23,360,5.2
5.8,29,110,2.8
6.2,29,340,2.9
17.7,27,200,2.3
30.7,48,250,5.2
13,27,290,3.5
21.7,24,50,3.7
14.9,30,360,4.2
20.3,20,200,2.2
17.3,14,320,2.9
19.9,18,290,3.2
14,42,290,2.8
13.1,34,230,1.7
16.5,15,230,5.1
14.3,29,180,6.1
15,23,290,2.1
13.2,15,200,2.5
12.2,37,110,4.8
12,57,140,4.3
16.5,23,200,4
17,16,250,5.7
13.7,45,270,4.3
11.9,40,340,1.3
16.7,18,320,6.1
15.9,15,290,5.3
10.5,22,180,3.5
9,21,290,1.2
9,26,160,1.9
5.2,27,320,2.6
2.5,52,340,5
4.3,11,290,6.8
10.2,15,290,6.8

13.3,14,270,4.8
12.1,14,290,5.6
5,45,180,1.2
5.9,30,270,8.1
5.6,40,20,5.9
12.1,50,140,6
6.2,56,70,2.2
9.1,46,250,3.8
1.2,55,140,1.9
4.3,63,160,3.6
-3.3,27,290,9.9
-8.1,37,230,4.8

2,14,110,2
-2.3,38,230,2.2
8.3,60,70,1.6
10.8,55,180,4.9
2,90,0,0.4
14.8,43,250,2.4
30.2,39,250,3.6
32.8,22,180,2.7
25,25,110,1.9

14,77,50,2.7
9.2,74,90,1.8
9.9,25,340,1.1

9,27,90,2.3
16.6,36,200,3.4
-1.8,41,230,0.8
-3.2,58,320,0.7
-2.2,35,180,0.5
-1.4,51,340,3.6
-1.2,27,290,3.2
13.5,34,70,0.8
19.6,32,140,1.9
20,43,250,1.1
20.3,41,290,1.1
21.8,70,160,1.3
22.4,69,70,0.6
26.6,61,180,3.1
27.3,60,110,4
28.9,33,270,2.1
19.3,81,50,2.6
22.2,52,140,2.7
23.6,38,270,4
17.7,72,160,4.9
16.1,70,200,1
26.9,18,200,3.7
29.2,38,140,1.3
29.3,16,230,5.1
27.9,18,290,4.6
21.3,37,340,6.9
11,95,320,0.6
22.7,22,180,3.2
20.4,29,160,5.9
15.9,25,180,3.4
29.2,17,160,2.2
21.7,35,270,6.7
26.2,11,180,5
28.1,12,200,2.1
25.2,14,290,3.2
27.8,11,90,1.2
25.3,13,250,4.1
26.9,10,230,1.9

21.3,26,250,4
24.1,13,290,2.3
20.1,16,270,4.3
18.2,22,290,3.5
19.3,24,290,3.4
19.1,23,320,1.5
15,32,290,1.6
7.6,74,360,0.8
15.3,29,270,5.5
14.6,43,160,5.2
11.1,32,360,4.6
11.5,28,270,5.3
1.2,70,0,0.1
19.1,38,160,3.4
19.7,15,230,3.7
9.5,59,160,4.7
13.7,78,360,11.6
10.2,60,230,3.2
11.8,15,230,1.6
7.6,35,50,4.1
10.7,24,320,3.3
12.3,16,200,1.3
8.8,35,110,2.3
9.1,18,230,0.8
8.7,19,140,2.2
5.5,54,320,6.7
7,52,50,1.8
0.9,61,250,1.4
9.2,37,70,1.1
1.4,22,230,4.2
0.3,60,360,0.6
5.3,16,340,3.6
0.4,31,340,2.7
3.9,37,270,3.8
6.7,38,320,7.5
10.5,42,270,2.5
-2.6,13,290,7.5
9.5,23,290,4.8
1.5,22,290,3.5
3.5,77,110,0.6
28.7,50,50,1.4
24.6,68,140,2.9
22.5,53,20,6.2
25.4,23,320,1.6
27.6,12,250,3.5
19.9,18,70,2.3
27.5,36,70,1.1
23.4,46,140,2.8
23.6,52,20,1.5
16.9,20,270,4.1
14.6,58,180,3.5
23,25,90,1.5
10.3,93,290,1.6
20.2,35,320,2.1
22.5,11,70,2.8
3.8,89,0,0
11.4,24,250,2.8
20,10,180,2

8.8,40,70,2.4
17.4,34,340,2.4
13.5,47,90,5.8
6.7,76,20,5.6
18.5,23,90,1.1
11.3,46,50,2.3
13.7,54,180,1.3
15.3,19,270,3.8
9.1,28,20,2.5
9,31,250,2.2
7.1,36,70,1.2
13.3,29,270,2.1
5.1,52,140,0.7
6.4,21,20,8.8
5,15,340,7.4
3.1,33,320,10.6
5.5,29,340,3.9
0.9,17,290,5.4

6.6,43,200,2.9
21.3,61,110,6.2
27.8,47,140,1.9
29.5,37,250,2.6
26.2,32,270,3.6
18.8,35,50,3
18.4,65,140,4.3
17.2,23,270,1.4
21.4,17,270,3.5
19.3,27,20,2.3
20,22,290,2.5
14.9,51,200,3.3
8.8,67,340,3.6
15.1,51,230,2.6
17.6,27,140,4.6
12.3,26,340,3.6
11.3,43,290,8.2
3.7,27,320,4.5
4.4,19,290,6.4
12.6,28,110,2.5
8.8,49,140,7
10,45,140,6.8
7,48,360,10.8
7.6,26,340,2.5
12.2,48,140,1.9
-6.4,84,0,0.3
6.1,30,230,1.2
10,19,200,2.3
8.2,34,140,5.5
8.7,29,270,2.6
-6.1,32,200,1
-0.9,67,340,2.7
6.4,22,320,1.7
4.5,29,320,1.3
5.9,36,70,0.7
-3.7,46,290,1.7
4.2,21,320,2.2
2.3,77,0,0.2
9.6,18,70,3.3
-5.4,34,290,3.7
-8.6,28,290,6
20.2,23,250,3.6
23.6,52,70,1.1
20.9,68,360,5.1
27.3,15,270,4.9
24.4,17,250,3.1
26.6,13,290,4.8
20.7,27,110,4.6
23.2,50,250,5.6
25.6,42,270,6.3
17.5,24,270,5.1
22.2,29,200,2.3
18.2,36,160,3.4
14,18,340,5.9
16.7,33,200,3.8
11.8,23,180,1.9
11.5,21,200,4.2
10.5,17,90,2
14.9,32,160,5.8
16.1,10,360,3.7
16.3,15,250,2.2
12.6,32,180,3.3
5.9,25,290,4.6
-0.8,37,140,0.9
8.2,41,20,4.9
-6.4,46,290,4.2
19.2,30,230,4.5
13.2,54,90,2.4
12.1,22,140,3.3
9.3,23,70,2.4
10.2,52,110,3.1
6.1,46,200,1.2
2,63,360,1.6
5.6,32,160,3
7.4,20,320,1.4
-5.5,37,340,5.3
-8.6,53,140,0.9
2.7,33,50,1.7
0.5,19,270,4.9
6.5,28,250,2.8
1.1,51,290,1.8
9.8,58,250,4.6
6,41,250,1.6
8.4,26,360,3.8
7.8,35,360,1.2
30.5,63,70,2
16.3,76,140,5.1
16.5,79,90,1.4
26.7,27,290,2.2
16.8,61,140,3.7
21.8,23,70,1.9
28.1,17,70,0.7
16.7,25,200,4
15,49,140,5.9
17.7,29,270,5.6
13.9,49,140,5.4
17.9,20,290,5.5
15.1,41,250,4.9
23.1,23,200,3.6
20.7,26,140,3.8
19,14,270,5.1
9,34,50,1.9
17.6,15,360,2.5
16.3,29,290,3.6
19,26,270,7.5
13.2,32,270,2.2
16.3,30,230,4.1
14.3,25,270,3.2
8.7,64,250,2.2
17.8,19,290,4.3
18.7,15,250,4.6
8.9,77,360,2.7
16.6,23,340,4.6
12.6,17,230,3.3
17.5,31,180,4
9,22,50,3.6
6.4,83,70,2.9
8.7,35,250,4.7
10.1,29,290,3.7
5.3,40,110,3.9
16.4,46,230,3.6
11,33,250,3.6
6.4,16,290,4.6
3.5,38,20,3.7
-3,28,250,5
0.8,27,200,1.2
4.4,59,110,2.2
1.1,17,200,2.3
1.2,22,290,4.6
0.6,42,0,0.2
0.1,28,290,3.4
-4.8,38,270,2.1
4.5,23,110,1.3
12.5,34,230,3.1
14,79,270,0.9
23.9,33,160,2.8
4.8,91,0,0
17.5,23,320,2.9
18.3,45,270,2.2
19.4,20,250,3.2
27.7,57,90,3.2
25.3,37,250,2
23.2,29,140,2.4
19,45,360,1.5
17.2,15,270,4.4
28.6,10,270,3.3
22.8,32,200,4.3
17.4,57,180,4.8
22.6,16,320,3.3
15.6,68,140,6.1
24.8,19,270,2.7
20.2,38,340,2.1
18,53,320,5.8
23.3,25,230,0.9
21.6,29,250,1.7
23.4,19,200,1.9
18.2,35,250,4.7
17.2,18,290,4.4
9.6,68,20,3.5
11.2,51,110,3.1
11.5,22,250,2.7
15.4,17,320,4.3
10.9,28,290,6.3
7.8,18,180,1.2
4.8,20,360,3
10.8,76,200,1.9
18.2,12,270,2.7
18.5,21,230,2.8
13,56,110,3.9
11.3,39,270,1.3
16.2,14,250,1.5
21.3,32,180,4.1
12.2,49,290,7
16,17,290,3.7
10.1,38,90,4.2
10.8,32,250,0.8
15.5,73,250,5.7
3.9,32,110,3
19,27,160,3
9.6,70,50,2.1
8.3,56,70,1.4
8.8,38,250,4.3
13.4,12,290,4
13.2,15,290,5.7
17.1,17,0,0.1
11.1,24,360,1.1
9.4,45,360,4.4
11.2,35,160,3.3
9.1,25,290,5.4
4.9,37,270,11.2
5.1,43,270,10
10,41,230,3.1
10.5,14,270,2.9
2.9,39,0,0.1
1.8,36,320,7.5
-12.9,23,290,4.9
5.7,43,270,5.5
-1.2,34,270,7.1
-0.5,28,290,5.8
24.9,43,20,1.4
24.6,37,140,3.2
21.2,36,70,2.8
22.2,38,290,4.4
19.6,35,270,3.1
20.3,40,140,4.7
21,20,320,3.7
21.3,16,250,3.8
19.3,15,320,2
20,18,250,3.6
17.6,41,110,2.5
18.7,21,160,1.7
18.2,23,20,4
19.8,24,270,0.8
15.1,48,20,3.9
16.8,18,20,1.4
10.2,65,140,0.5
18.3,27,250,2.7
18.6,27,230,5.1
13.3,24,320,3.1
16,27,340,1.7
3.4,72,360,2.8
12.6,38,290,1.8
24.4,32,320,1.4
-0.4,57,320,2.9
21.8,98,360,2.2
30,45,180,4
1.2,35,270,2.4
22.4,54,200,0.9
13.1,14,250,2.5
-2.9,47,20,4.1
19.8,26,180,0.8
19.9,21,270,3.4
10.5,68,340,7.5
2.9,19,270,2.9
17.6,17,340,4.4
14.5,39,160,2.3
27.9,38,270,3.2
-0.8,61,70,1
8,92,360,3.3
8.2,20,50,2.3
16.3,45,250,3.4
16.9,27,250,4.8
12.1,62,230,4
-4.5,24,320,4.6
14.4,73,250,3.3
10.8,61,50,4.9
20.2,23,290,3.4
15.3,22,250,7.3
4.5,19,20,2.1
14.8,23,270,3.6
17.3,50,180,2.5
14.7,15,140,1.5
10.1,35,360,3.4
19.7,44,180,3.3
13.6,21,140,1.4
14.3,22,200,3
10.6,58,140,4.6
12.8,17,160,2.8
4.8,23,200,1.2
-1,32,290,2
3.3,87,230,0.6
24.4,53,20,1.3
23.1,25,230,3.9
17.5,24,250,3.6
16.8,48,140,1.8
13.4,61,230,5.4
16.8,46,180,3.5
27.8,36,250,3.3
16.3,11,320,5.1
15.5,32,320,1.3
8.6,45,340,5.1
7.9,30,230,3.3
4.4,33,290,2.9
9.2,29,290,2.4
12.7,75,290,4.7
18.1,21,290,3.4
28.1,26,290,1.7
12.1,35,250,3.8
2.2,55,180,2.6
20.7,42,250,4.8
12.4,73,230,2.7
20.3,16,110,1.6
19.6,32,200,3.7
2.1,19,20,5.2
10.6,37,270,1.9
13.9,48,160,3.3
22,24,140,2.3
18,66,180,5.3
23.5,50,70,2.5
7.8,38,340,3.6
19.8,63,360,1.2
21.5,23,70,3.6
3.9,36,90,5.1
-0.4,38,290,5.8
26.5,39,290,3.4
13.8,25,270,3.4
14.8,14,70,0.8
22.7,65,50,1.7
10.6,61,70,2.5
7.5,33,20,4.4
4.5,28,290,2.8
2,27,270,6.8
11,28,90,4.7
21.7,16,290,3.4
11.4,58,110,2.3
8,60,160,0.3
14.3,41,250,2.7
11.5,32,250,3.3
17.2,62,180,1.4
13,34,360,5.6
22.2,32,0,0.4
21.3,15,290,4.4
17.2,22,230,2.4
9.2,42,50,2.1
11,30,290,3.4
7.6,28,320,4.8
15.5,22,340,3.9
7.8,18,320,5.4
10.5,41,250,2.2
11.8,55,50,2.7
1.5,28,290,2.9
3.1,23,290,3.3
3.9,13,230,1.9
25.8,89,180,1.1
26.1,62,160,3.3
20,58,250,1.2
27.9,27,250,2.3
22,34,270,0.7
27.8,26,230,1.3
6.7,53,90,1.8
8.4,15,360,1.2
2,24,50,2.4
10.9,11,340,1.7
-9.3,33,270,3
-4.3,47,360,7.3
6.3,14,320,2.6
15.2,77,0,0.4
26.4,23,110,4.4
22.5,34,360,3.6
17.3,44,140,3.2
20.9,25,270,4.4
26,28,270,3.8
19.1,27,230,2.7
16.8,29,290,3.5
14.7,64,140,2.9
12,17,290,3.7
14.2,14,290,3.6
14.9,14,320,3.6
12.1,43,110,1.8
10.4,61,110,1.9
13,76,20,2.9
4,39,320,2.8
4.9,39,290,4.7
2.9,35,290,3
3.9,35,290,3.2
-3.9,52,340,4
3.9,39,200,1.9
20.2,42,180,3.9
26.6,35,250,2.1
7.9,20,290,6.2
10.1,67,230,2.2
20,14,290,1.2
10.6,21,250,2.5
19,44,110,3.5
35,18,290,3.6
13.9,81,20,3.3
14.4,29,290,2.4
16,50,180,2
7.2,19,270,3.8
5.7,20,290,3.5
6.6,58,320,0.5
4.4,50,70,3.7
-5.5,37,20,2
12,37,290,3.1
16.5,69,140,4.5
19.5,31,250,5.8
18,24,270,3.7
27,48,160,1.8
20.9,21,290,1.9
15.7,29,360,4.5
18.9,34,290,3.5
12.7,18,360,2.8
-2.8,28,270,2.1
18.5,20,270,4.6

4.5,21,290,7.8
22.6,26,90,2.7
24.5,17,250,4.4
4.8,11,50,2.6
4.1,48,250,3.3
-4.2,49,320,1.1
-11.7,58,200,2.6
18.7,29,200,1.2
23,15,290,5.1
5.4,75,360,9.1
1.6,17,320,2.5
17.2,84,180,13.2
4.3,65,200,1.2
4.2,45,340,4.2
19.2,65,50,1.8
21.3,21,140,4.2

18.9,12,180,2.8
16.2,42,340,1.5
8.4,31,320,3
9.1,28,50,4.2
6,24,290,3.6
0,58,340,2.9
3,36,290,6.6

4.8,58,360,3.8
23.7,45,200,2.5
10.9,64,0,0.3
16.7,51,110,2.9
11.6,32,290,4.2
10.3,32,230,1.3
3,46,360,2.2
5,53,180,4.1
0.6,39,320,1.4
16.5,58,70,3.4
9.9,87,70,1.6
17.7,41,230,3.5
9.6,42,290,6.4
16.1,10,320,4.6
17.1,23,250,4.7
15.1,33,200,2.8
15.3,39,110,3.7
-7,30,270,2.1
1.8,24,340,3.5
18.9,61,140,9.4
5.4,21,270,3.2
-1.5,20,290,3.6
29.3,24,320,1.7
26.4,22,360,5.3
29.6,19,230,6.4
14.7,22,320,1.9
14.8,36,180,2.5
19.3,13,160,1.3
16.4,12,250,1.7
19.5,34,50,0.5
19.3,33,20,3.1
10.8,34,50,1.2
11.2,67,50,3
7.9,47,160,1.3
13.7,20,320,4.3
22.3,15,50,5.2
10.6,49,230,1.7
12.1,50,70,1.4
8.4,13,290,2.4
2.7,17,290,4.6
19.6,96,140,0.8
21.9,18,270,4.7
8.5,30,250,3.4
23.2,26,200,1.9
3,14,320,6.1
8.7,67,70,1.8
-6.4,58,0,0.3
17.7,35,200,3.6
4.6,85,360,0.9
9.8,56,160,2.1
4.5,28,360,3.9
17.7,39,50,5.4
8.4,33,290,4.3
7.5,34,20,5.6
0.9,32,270,1.2
9.1,18,200,0.8
24.2,51,230,2.7
19.7,51,20,3.3
18.2,44,140,4.5
5.6,63,0,0.2
4.8,18,270,2.8
10.3,62,160,1.9
15.5,40,110,2.1
15.2,40,250,3.6
21.8,21,290,5.5
18,22,250,5.2
13.5,37,250,3.3
23.7,12,320,2
0,36,50,1.6
20.5,19,160,3.8
11.2,35,140,2.1
23.6,33,270,1.8
26.5,78,270,2.4
25.3,66,320,3
16.7,46,230,4.4
19.3,57,200,4
11.9,42,200,1.7
3.8,46,320,2.8
3.7,33,360,2.8
27.8,37,230,2.7
18,68,50,1.6
17.2,27,110,3.1
21.7,35,230,5.8
3.5,41,270,3.3
3,25,160,2.8
10.8,76,20,2.4
22.8,12,360,2.3
22.2,32,20,0.8
-8.8,36,340,4.2
12.6,58,90,1.5
19.4,39,200,2.3
9.3,53,50,3.2
13.1,30,360,2.4
5.4,68,0,0.1
9.9,25,90,1.1
26.6,27,270,1.6
21.1,50,250,6.2
29.1,30,360,1.1
25.8,25,180,2.8
22.3,32,230,2.1
20.8,70,140,4.2
19.2,52,160,0.9
14.7,77,20,2.4
12.3,71,0,0.1
28.1,16,50,2.9
15.2,51,230,0.9
19.3,9,290,2.9
23.6,28,290,2.4
21.1,37,140,2.7
19.7,48,250,4.4
22.3,18,230,1.3
16.1,26,270,1.1
19.3,21,200,5.6
18.2,17,320,2.9
13.7,45,140,4.9
21.5,17,290,2.6
12.5,55,70,1.7
16.4,26,110,2.5
21.8,16,320,5.7
10.5,39,200,3.4
15.1,10,320,2.6
6.9,30,270,1.3
9.7,45,340,4
20.7,28,50,1.5
18.8,20,290,4.4
9.7,29,270,5.1
7.6,69,110,1.1
12.4,60,200,4.8
9.1,46,270,3.8
9.7,13,230,3.6
16.1,18,290,1
12.8,22,270,3.4
10.8,34,90,1.3
6,90,250,1.1
13.8,22,360,1.5
12.4,25,200,1.9
9.1,32,20,0.5
11.1,51,110,1.3
14.2,28,140,0.9
13.5,26,290,2.5
11.6,35,20,3.1
4.9,60,250,1.2
9.4,37,180,1.6
8.9,48,340,3.9
8.2,16,200,1.5
2.4,40,290,5.5
8.7,24,290,4.4
-4.3,47,290,1
0.1,35,360,3.5
-0.9,23,290,5.2
5.6,32,140,1
3.7,30,270,3
7.7,14,290,2.8
-12.2,72,20,0.8
-3.1,31,340,2
2.3,15,290,4.4
3.8,15,250,2.7
3,43,360,5.4
6.9,22,270,2.4
3.2,25,340,4.7
2.9,22,160,1.2
-3.1,37,250,3.7
0,15,290,1.7
7.1,10,0,0.4
3.8,27,90,1.6
2.6,31,320,4.5
10.9,47,200,3
12,18,200,0.9
4.2,19,250,1.3
4.8,31,250,3.6
11.5,25,200,2.1
11.4,49,340,1.8
18.9,20,200,2.8
16.8,36,110,1.2
35.9,55,250,3.3
32.9,45,50,4.4
28.7,77,360,1.1
30.8,26,360,2.2
31.8,36,230,2.6
25.2,14,250,4
24.2,22,290,3.1
30.5,11,250,3.4
24,7,290,5.4
26.6,15,180,3.5
18.3,31,230,2.1
19.5,10,290,6.7
23.6,17,270,3.6
19,49,90,2.1
20.9,23,160,1.9
24.3,33,270,3.1
8.4,75,360,1.6
19.7,24,230,3.9
13.4,39,200,2
12.4,30,270,1.4
23.2,27,110,2.4
23.1,43,250,2.2
12.3,22,290,3.3
15.2,30,250,0.6
13.8,21,160,2.1
4.8,65,20,3.3
10.2,20,270,2
1.5,78,360,5.1
6.8,31,90,1.5
3.6,14,290,2.4
4.9,40,70,1.5
9.2,12,320,4
9.1,15,140,2.3
0.8,35,20,3.3
10.6,13,320,4
7.4,22,290,1.4
1.7,40,20,2.7
-5,28,320,3.5
-2.1,32,320,4.2
0.4,37,110,1.3
1.2,57,20,0.9
-0.2,49,160,3.4
2.3,17,320,1.4
0,25,320,4.3
6.1,19,270,3.5
3.1,14,270,1.6
3.1,51,270,2.1
1.4,43,340,1.7
6.7,12,340,2.6
3.9,54,0,0.1
12.9,48,360,3.2
19.1,57,70,1.2
20.6,62,110,1.3
23.1,92,360,2.2
29.1,40,180,2.1
20.6,78,250,0.7
31.7,31,200,4.3
26.6,53,230,4.1
30.1,19,230,1.3
23.1,31,180,2.7
26.8,28,290,2.7
19.9,67,180,3.6
22.2,68,110,1.5
24.2,26,160,2.3
23.5,26,70,1.9
20.4,21,250,4.8
24.3,18,320,5.9
23.1,14,250,4.8
21.2,14,320,5.8
20.9,16,230,3
25.6,29,360,6.6
15.1,79,180,0.9
19.5,61,140,2.6
23.2,28,50,0.8
26.8,20,270,1.5
26.5,27,140,1.4
28,31,230,2.4
23.9,45,200,2.9
18.9,36,160,0.8
11.3,63,320,0.6
23.1,23,270,3.6
22,17,340,2.9
19.7,43,160,6
26.6,20,250,2.4
15.7,30,180,3.2
15.5,17,270,4.7
20.2,9,180,2.7
16.5,32,250,1.4
15.8,24,180,1.9
19.4,33,140,4.1
15.6,30,270,3.1
15.7,27,230,2.4
11.4,21,160,1.8
11.1,30,320,1.9
19.5,14,290,1.4
13.8,47,110,2.2
14.8,23,270,1.3
10,34,90,0.6
16.4,15,270,5.1
16.9,21,290,4.4
13,15,140,1.2
11.6,21,290,1.9
11.6,22,200,2.1
2,97,270,1
12.9,23,320,2.9
14.7,14,270,1.5
11.6,16,250,5.1
3.8,27,290,2.9
8.7,22,320,3.1
7.6,27,230,1.7
12.2,25,110,1.6
8.6,40,140,1.4
9.3,24,340,1.3
6,50,320,1.4
6.9,44,360,1.6
10.9,23,200,5
15.5,19,290,2.1
14.7,47,200,8.1
3.7,26,290,3.4
1.8,26,290,8.4
3.7,52,230,3.5
3.6,22,200,3.2
0.9,36,20,0.6
-5.3,49,320,1.7
26,42,110,4.3
34,41,180,1.1
32,69,50,1.7
32.5,56,360,2.8
23,83,140,0.7
28.2,46,270,4.6
26.1,71,250,2.8
27.6,38,200,1.9
19.5,71,70,2.7
23.5,36,50,2.6
21.8,54,70,2.4
24.1,30,160,3.8
21.9,65,110,2.4
20.2,69,110,2.8
24.7,30,20,2.5
21.7,33,270,2.8
9.2,63,160,0.7
19.8,49,250,2.5
14.3,68,160,3.9
19.1,12,290,3.8
19.8,16,270,2.6
23.1,32,200,3.5
18.8,33,160,1.3
19.5,22,160,6.1
15.5,23,250,4.4
18.1,23,290,5
16,18,110,2
16,22,160,1.3
9.1,32,360,2.9
9.3,33,320,1.4
13,35,270,2.9
15,29,230,3.7
15.7,38,110,1.9
18.6,35,180,2.5
14.1,21,340,1.4
14.6,13,250,2.8
14.7,19,320,3.2

10.3,29,140,3.6
11,36,290,4.2
14.5,33,160,2.3
4.7,81,360,2.2
4.9,99,360,3.3
11.3,42,270,1.4
0.8,69,270,9.3
9.3,27,250,2.7
4.1,26,270,6.2
13.3,33,140,2.8
2.9,44,340,6.1
2.4,44,290,6.7

-9.4,33,340,5.3
5.1,10,20,2.9
4.2,12,270,2.6

4.9,22,290,4.3
11.8,32,160,1.9
7,55,70,2.4
10.5,78,230,1.6
15.5,54,160,3.7
21.4,38,140,1.9
16.8,42,70,3.6
19.9,44,140,4.1
14.8,79,360,0.6
23.7,38,250,1.5
14.5,74,180,0.7
25.5,34,290,0.9
12.1,46,320,2.1
24.6,29,230,2.5
29.7,29,70,1.8
19.4,43,50,3
27.3,29,250,3.3
21.1,61,200,0.9
24.1,43,70,4
22.3,93,270,1.8
33,53,180,1.9
27.1,66,140,0.7
37,44,250,1.6
22.6,76,160,3.9
22.8,58,200,1.9
22.7,79,140,2.8
29.8,32,270,2.9
27.9,44,140,2.3
26.2,41,180,2.6
28.5,33,320,1.5
30,26,110,3.5
19.2,78,160,3.3
22.7,43,110,1.7
25.6,16,160,3.1
25.6,30,290,2.9
24,47,250,1.7
25.7,33,270,0.5
30.3,15,270,2.5
26.5,38,140,1.8
30,21,340,2.3
16.7,55,270,0.7
28.7,14,290,3.1
27.1,27,270,6.2
12.8,84,50,1.8
7.8,94,90,4.1
12.3,82,110,1.4
19,38,160,2.8
22.4,23,90,2.3
18.2,23,160,3
26.9,31,200,1.7
19.3,34,250,2.2
17.1,9,250,3.7
15,20,270,1.9
14.8,11,320,7.5
12.5,20,50,2.6
8.1,69,70,2.2
7.1,11,340,7.6
3.3,15,230,2.5
14.7,15,270,7.8
12.7,33,320,4.8
15.5,17,360,5.4
21.4,10,270,2.5
18,14,250,1.2
12.2,52,160,3.6
12.9,52,90,1.1
12.9,14,270,3.2
13.5,15,340,1.2
10.2,39,50,3.3
6.2,48,110,3.2
8.3,19,290,4.8
-2.8,56,290,3.9
4.5,51,320,1.6
10.4,16,290,6.9
14.9,21,320,4.8
9.6,31,290,3.9
4.1,77,340,8.1
13,32,160,5.1
2.3,47,20,0.5
7.8,28,270,2.3
3.2,42,90,2.3
2.5,47,20,7.5
2.4,27,290,4.7
11,31,90,2.8
3.9,40,230,1.2
2.9,29,360,0.5
9.8,33,50,2.4
12.7,32,270,3.3
19.8,65,360,5.1
22.7,60,360,1.9
25.4,59,200,1.1
19.2,73,140,1
30.5,19,290,2.1
25.3,47,200,3.2
18.8,79,50,1.9
28.3,44,230,3
27.7,42,270,0.9
22.7,48,110,2.6
26.4,16,200,2.8
21.2,36,340,3.1
23.4,32,290,4.7
20.5,57,160,2.8
19.6,47,200,6.3
22.9,39,90,4.7
22.2,35,70,3.4
11.4,47,180,2.7
16.3,27,270,4.8
21.9,45,110,1.8
22,24,250,3.8
17.2,43,250,0.5
24.8,22,250,1.6
22.2,21,200,2.4
20.9,34,110,2.8
21.5,12,290,3
21,29,250,4
19.8,30,270,3.1
14.5,81,140,5.1
13.7,82,20,3.3
8.8,78,0,0.4
19.6,45,270,4.2
21,25,160,4.5
17.8,31,270,3.7
14.1,68,50,1.5
16.3,24,270,1.6
9.4,50,90,4.1
13.8,20,360,2.8
13.2,26,290,4.8
11.9,31,270,5.8
8.4,31,360,4.6
18.3,46,50,1.4
19.4,15,250,3.6
11.8,60,250,5.3
18.7,20,140,4.2
17.1,21,270,2.8
18.1,17,320,2.8
10.8,30,340,3
18.2,33,200,5.1
9.9,18,160,2.1
9.5,17,290,3.9
9.4,21,340,2.9
7.2,31,320,3.6
4.9,25,200,1.5
7.1,33,290,4.8
11.7,19,250,1.8
6,40,70,1
2.9,71,160,0.9
11.9,32,160,2.8
13.4,23,340,3.2
3.6,84,20,1.8
8.3,53,230,2.9
7.3,18,90,1.7
7.3,25,290,2
10.9,31,180,1
11.5,22,90,2.4
2.6,54,160,1.3
-5.6,26,290,4.3
-2,29,320,5.8
13.5,14,160,3.7
10,28,90,2.9
6,29,250,2.1
2.9,29,290,2.6
2.9,29,340,4.8
1,35,290,4.8
3.6,41,270,3.8
6.6,36,20,2.9
3.3,26,250,3
2.1,19,320,4.5
-1.1,26,270,1.8
1.3,13,290,4.7
5.9,30,290,2.5
-3.1,36,290,3.5
1.6,48,250,1.4
19.1,29,270,1.9
14.2,61,230,3.7
19.4,29,320,3.3
18.4,67,0,0.2
25.3,60,50,4.6
28.3,68,200,2.5
35.3,42,250,3.4
22.7,75,230,1.1
27.2,40,90,2.6
29.2,29,230,6.7
26.6,23,270,3.9
18.8,55,110,2.6
15.5,50,320,1.2
16,21,160,4
10.5,18,360,1.6
15.9,16,270,3.5
8.9,16,270,3.8
19.3,22,230,6.6
12.5,29,270,5.7
21.6,17,20,1.1
22.8,17,90,2.1
16.9,21,90,3.3
14.8,19,340,3.2
9.8,23,180,1.7
10.8,14,320,3.5
6.7,43,360,3.2
16.6,14,250,2.2
14.8,28,230,3.2
14.4,32,250,2.1
3.6,78,340,7.5
11.5,36,230,1.5
18.6,13,230,3.3
13.8,31,320,1
6.8,49,110,3
6.9,26,180,2.5
6,37,90,2.9
14.9,38,250,8.3
15.5,39,180,5.1
12.2,17,290,3.8
19.6,11,200,4.6
10.7,32,90,1.1
12.3,33,180,1.9
14.1,24,50,3.5
7,29,200,2.3
6.3,12,140,2
1.3,77,340,5.7
4.8,31,140,1
0.1,25,270,5.1
4.7,49,250,5.4
16.2,32,70,1.2
14.4,38,70,1.8
23.4,36,250,2.9
14.2,69,270,2.4
34.4,38,90,2.2
20.7,64,70,3.4
28.9,42,230,2.2
23.6,54,90,3.6
27,49,230,1.9
26.8,44,320,2.5
24,65,250,1.7
23.8,50,360,1.2
16.2,98,340,0.9
15.9,99,110,0.7
15,90,140,3.7
26.8,42,250,3.5
18,62,270,5.4
23.9,37,110,3.6
19.7,80,140,3.1
21.9,33,110,2.6
15.4,76,110,3.4
19.8,51,290,1.8
25.6,39,230,2.4
24.4,17,360,5.9
14.7,46,20,0.8
14.7,57,0,0.4
26.2,13,320,3.2
23.1,13,290,5.7
23.1,22,270,3.7
16.5,72,0,0.3
26,33,320,1.7
19.6,35,160,4.4
23.3,18,90,2.8
20.3,24,340,1.7
20.3,29,230,3.5
18.3,22,200,3.7
16.9,24,270,5.1
14.1,20,290,4.4
9.8,29,290,4.3
10,30,320,7
7.8,29,70,3.1
9,32,320,3.6
11.9,54,360,3.6
17.1,16,230,6.8
4.3,17,270,3.8
3.2,16,250,4.2
14.9,21,200,1.9
6.3,45,250,0.9
5.1,20,340,2.4
2.7,16,270,4.5
2.6,14,320,3.3
-3.9,30,320,3.2
4.2,38,290,4.6

0.1,49,0,0
20.1,63,360,3.1
30.8,30,290,2.5
19,72,360,6.2
22.4,55,230,7.6
22.7,31,230,7
12.5,48,230,5.1
10.2,58,50,2.4
14.7,31,320,7.2
12.9,49,140,4.7
19.6,12,230,1.8
14.9,20,250,5.7
14.2,12,360,8
12.8,41,70,2.4
14.5,26,200,2.3
12.4,18,270,5.7
16,53,140,3.6
13.8,30,160,4.9
13.7,18,290,5.7
14.2,26,180,1.2
14.3,15,160,3.3
18.8,12,270,3.2
18.1,14,70,2.3
0.2,56,0,0.1
12.2,14,290,1.5
5.5,32,340,4.3
7.8,67,70,2.5
16.5,51,270,3.2
15.8,14,270,4.2
16.4,13,270,4
13.5,27,250,1.5
9.5,24,270,3.2
5.7,33,270,4
11.6,28,110,1.1
13,50,140,5
15.8,31,290,2.2
8,48,160,1.2
9.4,56,20,5.3
8.6,22,110,0.9
12.6,30,110,1.3
10,18,140,2.1
9.8,18,250,3
-0.5,81,180,2.1
7.6,21,290,3.2
-1.8,22,270,7.1
1.6,20,360,2.7
-1.7,21,320,6.4
-4.7,33,270,1.5
-3.4,16,290,6.4
-3.9,15,230,2
8.4,33,200,2.2
7.5,45,340,1.4
0.2,28,90,0.7
7.2,28,360,3.8
14.9,38,360,2.1
11.9,43,290,2.3
16.1,30,200,3.5
13.1,27,290,5
12.6,34,140,0.7
15.4,35,110,2.5
13.1,37,340,2.5
18.5,27,290,2.2
15.6,45,290,1.9
8.7,37,320,3.9
16.8,48,70,2.1
6.4,51,290,1.2
16,82,200,0.6
17.1,62,340,2.8
28.7,35,90,2.2
19.8,83,110,1.2
27.4,25,90,1.2
12.8,78,360,1.5
24.2,44,140,2.8
17.1,44,140,2.1

26.8,24,250,2.1
24.1,29,90,2.7
16.6,46,200,1.3
17.9,40,270,4
11.2,71,140,4.4
8.7,85,360,2.5

25.3,15,290,8.7

22.9,19,290,3.8
20.5,14,320,1.8
9,86,360,3
17.2,27,270,2
16.6,48,110,3.1
15.7,30,50,3.2
18.3,16,230,1.4
15.1,25,180,3.4
13.4,19,200,2.4
8.1,31,320,3.2
18.6,32,320,1.7
16.4,17,180,1.5
15.1,20,200,1.7
13.5,15,270,2.3
10.9,23,290,3
14,19,290,4.2
17.3,18,250,1.9
17.4,21,160,1.3
4.3,64,50,1.9
11.3,33,270,1.8
5.3,22,270,1.6
5.7,38,90,2.1
3.6,16,270,5.1
-1.5,26,270,3.3
4.7,30,250,4.6
-0.3,17,290,5
7.3,46,90,3.3
7.4,9,250,1.8
11.4,23,250,1.5
-4.7,59,230,2.5
4.5,35,290,2.8
-3.5,36,270,1.6
-0.8,31,360,5.6
-4.4,12,250,7.6
1.3,32,290,6.2
15.3,30,200,0.9
12.6,44,110,2.3
10.9,17,320,2
7.7,41,0,0.2
3.1,44,320,3.4
16.5,61,110,1.2
17.1,39,290,4.6
10.2,99,0,0.2
19.9,44,230,2
20.5,46,230,1.3
17.4,55,160,1.7
21.4,30,290,1.7
24.6,20,320,4.4
23.4,21,360,3.7
20,64,320,1.3
24.2,43,140,2.2
23.5,50,70,2.5
24.7,50,110,2.3
23.8,60,160,3.3
31,37,0,0.3
28.3,48,20,4.3
30.4,39,180,1
23.9,51,110,3
24.7,32,230,2.7
30.6,19,290,3
14.2,94,180,1.1
18,62,160,2.6
12.2,93,0,0.1
27,27,230,5.8
13.8,90,360,3.6
22.5,48,50,1.8
27.9,14,270,5.7
28.8,19,250,1.6
18.8,48,340,0.9
21.4,29,180,2.5
22.3,19,290,1.9
18.5,27,230,4.5
20.6,32,160,3.5
12.8,42,270,4.6
22.4,31,180,3
26.2,22,250,2.2
18,39,160,3.7
24.4,14,340,2.4
24.5,14,320,3.6
15.6,57,70,2.4
4.4,79,70,1.1
11.2,49,20,4.5
15.2,27,50,4.7
21.9,37,290,3.4
17.3,29,290,1.6
14.6,78,160,4
13.6,75,140,2.7
15.7,47,250,1.3
25.3,16,90,1.4
24.9,19,270,1.7
23.2,24,90,1
25.3,23,230,6.6
18.3,33,20,1.3
16.4,39,200,1.1
25.3,15,340,1.6
26.4,13,200,2.2
25.9,13,160,2.6
24.5,22,180,2
21,31,140,2.3
12.5,61,360,3.5
10.4,63,230,3.8
17.6,27,290,2.7
16,27,360,3.2
16,45,110,2.8
15.9,29,160,0.9
14.9,36,320,2.6
14.3,35,230,1.8
16.2,28,20,3.5
14.5,19,320,4.7
15.1,29,250,1.5
10.9,33,200,3
10,46,110,2.2
4.7,71,250,0.7
12.1,31,20,3
10.5,36,200,3.3
14.3,21,320,1.6
4.1,38,340,3.2
5.3,27,290,2.4
8.3,17,290,2.8
18,31,140,4.2
9.9,76,360,4.1
19.2,55,230,1.9
13.1,45,110,5
22.3,46,320,5.4
23.7,38,230,4.9
19.7,16,50,2.8
19.8,19,180,5.6
16.8,29,290,5.4
17,36,320,4.7
9.4,26,320,3.6
7.2,39,360,2.6
13.6,32,160,1.7
10.3,23,110,2.1
9.3,26,140,5.2
8.8,31,50,1.9
12.3,15,270,4.2
10.8,16,250,3.9
15,17,250,2.5
9.7,18,290,3.3
5.6,40,360,1.9
6.9,42,110,3.9
7.7,19,290,4.5
9.8,12,360,4.3
12.3,29,50,2.2
11.4,49,250,2.2
14.8,19,110,1.8
6.2,68,250,3.2
6.1,40,250,1.4
9.1,45,160,0.9
13.2,36,320,3.4
8.5,46,290,3.7
2.7,85,250,1.5
-4.1,48,270,3
1,27,230,4.7
1.3,23,270,2.8
-3.2,29,290,3.2
-5.1,69,200,2.7
-5.2,25,270,4.8
3.3,43,250,3.9
5.8,29,110,1.8
6.4,31,290,2.4
-3.3,28,320,4.7
-2.6,32,250,1.2
-3.2,56,290,5.2
4.7,24,320,3.1
4.1,32,270,1.5
-0.5,45,290,5.8
8.6,30,50,0.8
4.1,29,320,4.9
6.2,28,200,2.9
14.1,33,320,3.1
0,20,290,3.8
-3.7,13,230,2.8
10.4,55,230,2.4
12.5,53,20,4
13.8,49,140,2.3
16.1,37,180,1.3
19.3,22,180,3.6
11.2,36,90,1.3
15.9,48,290,4.2
23.9,32,360,0.5
25.4,34,110,2.3
26.1,29,290,1.1
28.2,21,180,0.9
23.2,35,160,3.5
20.1,28,360,2.6
20.9,35,20,1.8
17.5,42,340,4.9
25.5,71,360,5.1
29.3,36,270,2.6
28.6,44,50,1.8
28.2,38,70,1.7
14.9,66,140,4.5
20.8,22,20,2
17.8,34,360,1.6
10.9,54,70,4.1
16.3,35,50,3.4
16.2,66,180,1.5
20,66,230,0.7
29,28,160,3.3
26.1,42,180,4.2
23,40,110,3.5
27.7,32,270,3.3
26.2,17,230,2.2
17,73,110,2.5

16.3,63,140,4.2
18.1,48,160,5
17.8,47,20,4.7
17.3,34,20,0.5
26.8,16,270,1.3
24.2,17,110,2
8.3,95,340,1.5
13,44,250,3.8
11.7,48,270,4.7
18.2,13,360,1.3
17.2,12,90,1.9
19.2,13,20,3.2
16.2,12,90,2.2
12.1,17,90,2.8
10.9,52,140,0.9
16.2,16,200,2.7
13.6,15,270,4.2
9.8,50,230,4.6
9.1,85,50,1.5
17.9,30,270,2.3
11.8,36,160,4.3
11.6,61,250,1.9
7.6,51,250,2.1
-0.6,25,340,7.4
9.3,40,180,4.4
12.1,14,320,2.5
3.5,21,250,2.9
3.7,17,230,2
1.4,38,50,2.3
0.8,30,290,2.7
0.2,18,320,4.5
-0.6,23,340,8.1

1.8,35,320,4.5
4.2,21,320,3.1
2.6,27,340,4.4
8.8,61,160,1.9
15.6,49,230,3.2
31.7,18,50,1.1
30.8,17,90,3.1
28.5,18,110,5.2
23.6,52,90,2.7
29.4,15,270,8.1
23.3,21,250,3.3
16.6,61,360,1.3
23.7,13,270,2.9
25,15,230,2.8
16.2,32,340,1
17.3,22,270,2.8
11.3,63,90,1.4
16.1,27,110,2.2
14.9,15,230,2.5
15.1,26,290,2.3
9.6,31,20,4.6
9.9,24,270,5.8
13.3,42,230,1.5
17.5,28,270,4.5
8.4,47,250,4
10.3,43,340,4.1
10,48,110,3.3
9.7,20,270,4.1
10.1,19,290,4.7
3.9,18,290,7.5
3.4,45,290,7.1
11.9,49,90,2.1
7.4,36,70,1.8
13.8,23,20,4.5

10.3,55,270,3.7
5.7,81,20,6.8
14.6,27,290,1.6
7.3,49,110,1.2
8.6,58,140,3.6
6.4,68,270,2.5
11.3,38,230,3.9
15.3,14,230,2.3
12.7,57,110,3.9
10.6,78,90,2.1
16.7,34,90,2
11.3,60,290,0.8
10.7,28,250,5.2
8.2,34,140,5.5
3.9,36,250,5.3
-0.9,34,90,2.5
8.1,40,320,2.1
4.5,50,360,5.2
-5.5,69,0,0.3
-6,71,0,0.1
2.2,35,340,0.6
0.9,60,0,0
2.7,65,0,0.2
7.3,45,70,4.6
16.2,34,50,2.9
9.4,31,160,1.4
8.3,30,320,3.1
18.2,33,230,4.3
20.2,23,250,3.6
19.7,48,250,4.2
19.5,28,320,2.4
23.6,30,360,3.1
26.2,28,360,1.9
18.3,56,200,2.2
24.3,42,200,3.6
22,53,160,1.6
18.5,69,140,3.9
28.8,30,270,4.1
11.2,39,270,3.6
17.7,28,180,3.5
16.2,25,180,4.5
12.6,16,290,3.4
8.2,35,360,5.8
6.3,58,340,7.2
16.6,17,270,2.6
12.8,28,250,4.6
11.6,26,230,2.7
12.8,18,70,2.9
10.1,23,250,2
9.6,18,320,4.8
5,30,340,8
10.8,23,200,4.2
4.7,28,320,4.3
6.1,41,290,6.4
7.9,32,50,2.6
14.5,18,270,2.9
16.3,23,230,5.1
15.3,25,270,4.9
14.1,29,20,3.5
14.5,26,250,2.3
12.8,14,340,3.3
10.2,27,90,2.6
13.6,13,340,4.9
11.3,29,340,3.7
13.7,25,90,1.6
14.6,17,140,3
11.6,34,340,5.4
11.1,35,230,4.9
19.4,30,200,2.9
7,25,320,2.8
12,21,230,1.4
10.6,21,360,1
14,9,50,3
11.2,30,250,1.8
13.7,21,140,4
2.7,33,270,1.3
-1.3,24,340,4.5
-1.7,34,270,4.2
9.8,40,180,1.9
1.5,40,180,0.7
-2.7,70,0,0.2
4.8,42,340,11
-1.5,18,270,3.9
-2.4,17,290,5.1
2.9,12,290,5.4
4,14,320,2.8
4.2,65,290,2.2
3,31,290,0.5
2.2,17,290,4.4
0,63,270,2
2.6,29,290,3.2
-1.9,52,320,1.6
-9.4,40,50,5.2
-0.5,23,230,6.4
-0.7,34,360,3.7
-2.5,36,230,4.9
-0.4,41,360,1.5
7.6,27,290,6.7
9.7,40,250,0.7
5.2,84,0,0
10.5,20,230,1.8
10.8,29,110,1.7
10,19,250,3.3
22.8,25,200,1.1
28.6,32,320,2
30.5,17,230,3.7
28.8,17,290,3.3
27.1,22,320,3
19.2,34,250,2.7
21.6,49,70,5.7
20.3,33,360,2.7
27.2,10,200,2.9
24.6,23,230,4.2
26.7,8,180,7.5
16.9,37,180,0.4
18.3,58,140,3.6
24.2,18,320,3.3
20.3,35,320,2.3
18.8,35,290,3.7
15,39,160,1.7
13.6,35,290,1.4
21.1,27,270,3.1
15,66,160,6.3
18.4,20,270,5.6
15.5,28,320,3.2
17.7,18,270,5.5
22.3,36,200,1.2
12.6,64,20,2.8
21,28,140,2.7
13.8,43,140,3.4
15.2,31,160,1.2
15.2,31,160,1.2
15.3,12,270,4.1
19,26,270,7.5
18.1,49,200,4.9
24.1,16,160,1.7
24.6,17,250,7.8
19,40,140,5
19.2,13,180,4.6
20.2,22,250,7.5
9.9,35,230,6.5
15.1,16,230,6.1
9.8,43,250,4.5
19.1,17,250,4.2
17.7,15,200,2.5
14.6,21,250,2.3
15.6,20,0,0
13.6,34,290,0.9
12.1,42,0,0.1
10.6,24,70,1.9
9.3,36,320,3.2
16.1,35,200,1.7
15.4,41,270,3.3
17.2,23,200,5
12.3,52,250,5.3
8.3,35,320,3.5
10.1,60,250,4.2
11.1,41,230,4.1
2.5,20,0,0
8.3,28,160,0.9
15.7,49,250,3.4
13.8,26,320,3.8
10,41,180,2
2.9,38,20,3.8
-2.2,22,340,4.1
7.8,24,340,1.8
4.8,20,250,2.8
-1.3,22,290,2.9
-3.9,25,180,5.3
0.9,33,270,4
-3.7,39,250,4.6
-7.6,26,270,3.6
4.8,63,110,1.8
4.1,55,50,1.9
2.6,39,320,3.1
-1.2,76,140,0.8
2.7,57,360,3.7
0.1,45,90,1.3
4,28,340,2.1
1.4,26,340,5.3
-5.5,33,250,2.4
1.3,18,230,7.1
1.7,35,290,5.6
-4.9,57,70,3.6
0.8,31,290,0.9
-2.5,27,360,4.4
-1.4,39,360,4.2
-3.5,80,20,2.1
11.7,42,20,4.1
17.2,35,180,2.1
13.9,29,110,1.6
12.9,59,270,3.5
13.2,57,50,2.1
4.2,44,340,0.9
22.9,42,70,1.2
16.4,68,360,4
4.1,87,0,0
16.9,60,360,2.4
18.7,37,90,1.6
20.4,33,290,5.3
24.6,59,70,5
26,80,360,4.3
32.5,57,270,0.8
19.5,83,360,4.6
26,48,180,3.7
29.8,31,270,3.1
31.6,17,360,1.5
28.8,26,110,3.3
28.8,26,110,3.3
21.2,73,140,4.9
27.7,33,70,1.7
24.1,31,180,1.7
18.7,68,360,6.2
17.2,78,160,1.5
29.1,32,360,2.3
21.9,67,110,2.4
19,33,140,5.5
12.4,71,50,1.6
18.1,13,290,4.1
8.6,78,340,6.1
21.3,38,140,2.2
21.1,39,140,2.9
28.6,10,270,3.3
16.1,61,140,3.5
25.5,13,230,3.3
25.6,17,230,1.6
22.9,21,250,4
19.8,16,290,2.5
13.8,66,140,3.4
19.7,18,340,5.2
19.7,39,70,3.2
9.6,68,20,3.5
17.4,17,320,4.2
18.7,23,140,3.8
16,25,110,3.8
16,25,110,3.8
8.8,59,70,2
16,18,90,1.6
14.3,32,230,2.3
21.3,15,230,6.1
19.8,46,140,6
20.7,33,320,2
18.7,37,180,3.2
21.1,19,160,2.1
19.1,23,180,1.5
14.9,36,70,1.3
17,17,270,3.1
16.7,30,70,3
13.2,23,230,2.1
15.5,16,230,2.9
15.7,26,290,4
13.8,36,50,1.4
15.5,21,200,4.4
10,49,140,4.9
14.9,13,340,2.4
12.5,12,250,1.6
9.6,33,230,4.9
12.3,13,180,1.9
9,31,180,1.9
20.2,25,180,2.9
18.6,24,290,2.1
9.6,70,50,2.1
15.7,16,90,2.9
7.5,46,140,0.3
11.6,16,270,6.8
8.3,22,290,6
9.8,37,290,3.7
10.8,39,320,2.8
8.2,45,140,4
5.8,17,290,9.2
2.9,31,290,7.1
9.8,24,250,7.4
9,24,200,2.2
7.2,36,270,4.1
7.1,25,110,2.7
9.3,9,360,1.8
-1.8,21,270,4.9
-1.4,24,270,7
6.8,32,250,2.2
11.8,22,250,1.3
10,23,290,0.8
-0.3,34,290,4.7
0,22,50,1.3
-2.5,27,290,4.5
1.8,43,320,3.2
6.7,32,270,6.5
-0.1,69,360,0.7
1.2,60,20,2.6
6.3,76,0,0
19.2,73,110,2.7
27.2,34,180,1.7
23.8,43,250,0.4
28,17,270,3.9
17.9,51,110,4.2
23.7,22,340,2.2
14,31,230,1.7
18.9,23,230,5.1
16.2,30,360,0.7
18.7,24,320,3
18.7,21,230,2.8
18.2,24,290,4.1
17.2,24,340,1.8
17.6,28,290,4.3
11.8,34,140,4.8
13.5,45,140,4.2
16.9,16,230,3.3
14.2,26,290,2
11.9,34,230,2.4
16.6,30,360,0.8
20.3,22,90,2.4
20.3,22,90,2.4
20.4,17,70,3.1
20.4,17,70,3.1
20,27,50,1.2
19,17,110,3.1
17.6,55,20,1.3
16.2,40,140,5.6
14.3,43,140,3.6
16.7,33,160,2.1
16.2,31,160,1.6
13,48,140,5.8
15.8,25,70,2
10.8,44,250,2.4
4.8,78,340,2
9.9,54,320,2.2
12.3,45,140,3.1
6.1,34,270,2.7
7.4,18,270,4
8.5,35,230,2.5






15.2,14,270,10

10.4,22,290,4.9
10.4,22,290,4.9
