106
90
90
216
106
279
90
211
152
100
248
138
285
136
90
90
138
105
130
216
106
289
271
247
104
137
253
137
281
156
138
138
216
159
106
216
101
272
136
257
257
127
216
114
138
201
100
138
211
277
285
212
130
247
152
278
135
285
90
106
156
247
277
174
289
212
279
238
253
279
90
247
152
260
159
152
95
90
216
285
279
271
281
129
152
211
272
277
90
104
277
121
133
130
271
168
217
285
212
203
212
112
138
284
285
135
143
121
152
93
130
138
90
108
143
101
285
133
272
254
174
277
101
100
133
152
254
133
135
152
131
127
98
281
252
238
254
294
284
248
135
226
133
277
238
226
216
211
211
281
101
289
95
156
232
152
285
129
162
136
152
143
279
140
257
133
138
216
135
155
162
236
244
272
271
277
121
152
202
143
175
262
201
202
238
177
211
136
221
221
212
129
276
285
152
108
170
257
272
101
90
266
152
247
226
152
152
152
133
221
212
261
289
202
272
90
278
277
244
129
252
152
165
127
168
165
95
289
272
155
106
226
192
156
284
138
273
152
281
211
247
119
138
201
114
105
281
288
95
98
211
131
146
175
238
138
129
101
127
263
247
106
212
143
152
130
168
143
146
152
245
156
101
138
260
159
143
279
156
156
273
156
232
133
295
211
284
135
156
133
101
165
202
90
90
203
90
168
90
138
279
202
119
90
264
152
90
281
253
248
90
252
252
152
261
90
133
152
168
238
172
235
294
175
90
90
281
90
172
165
90
261
98
232
143
90
98
278
90
159
257
93
130
98
127
101
202
272
217
99
203
95
232
211
133
238
90
95
108
90
90
258
121
131
129
232
174
133
90
170
279
174
152
133
254
156
133
288
244
138
152
159
279
278
90
156
226
100
159
248
133
131
226
90
90
90
281
272
260
133
90
247
245
156
90
130
146
202
243
90
131
156
212
156
90
243
136
262
156
289
90
159
90
272
248
260
285
90
232
243
90
90
192
168
90
283
104
266
236
137
90
159
90
168
108
211
133
168
90
112
108
277
221
108
129
90
90
165
143
289
114
90
119
277
253
143
285
95
155
285
90
101
137
93
95
90
272
108
143
90
106
254
263
165
165
133
170
156
90
212
90
226
283
90
135
131
285
281
121
281
146
152
156
90
262
281
162
165
90
90
90
127
90
152
168
143
137
261
262
90
90
288
165
143
247
165
95
112
156
170
247
90
140
133
90
138
272
243
262
152
201
152
90
159
90
212
281
114
202
221
272
221
283
101
100
140
165
212
232
212
90
201
216
90
201
146
262
90
279
283
170
101
283
90
90
133
95
146
251
258
90
90
130
133
129
288
281
140
257
238
90
90
271
138
133
248
238
289
90
289
288
212
261
201
90
101
226
247
90
114
138
114
152
143
98
273
108
247
90
95
272
272
202
90
98
101
211
146
212
108
285
281
281
272
155
284
201
271
90
98
112
202
156
100
226
90
202
203
90
90
101
174
95
101
212
203
99
203
202
90
152
276
133
121
90
130
90
168
253
254
133
165
226
90
251
90
156
155
156
137
276
90
104
146
258
174
172
165
254
285
152
174
90
133
90
226
235
152
156
236
279
276
226
135
90
284
289
152
192
257
277
285
155
277
90
152
152
90
152
90
90
136
156
90
262
285
90
152
278
226
281
257
152
279
244
90
152
121
136
90
211
212
131
232
146
135
288
152
155
162
260
136
203
288
90
281
152
251
272
112
133
90
159
156
133
252
90
170
251
156
156
129
277
261
90
143
261
281
170
90
247
165
90
131
261
131
90
159
90
272
235
129
90
226
90
226
156
271
247
90
281
285
143
294
90
112
143
90
135
90
152
146
115
131
133
236
137
285
236
98
90
133
133
156
159
271
90
288
152
90
112
90
90
285
285
90
226
90
90
262
90
90
273
203
90
98
133
133
232
262
260
90
90
159
185
232
279
159
236
90
90
281
281
90
281
152
127
90
90
136
156
112
201
98
136
232
272
285
221
201
159
90
203
112
90
112
146
281
271
202
98
119
90
236
90
90
90
90
174
90
98
168
162
253
143
247
252
201
201
127
127
192
98
247
260
140
168
260
260
127
244
203
247
262
90
281
288
247
152
272
138
98
101
112
90
90
226
90
108
98
202
174
283
281
90
248
278
212
202
90
106
98
114
90
90
165
106
90
212
90
90
216
279
165
258
174
138
90
129
90
272
259
100
90
98
90
168
90
281
257
90
135
244
260
170
273
156
251
252
238
152
279
279
156
165
261
202
262
98
168
277
119
90
90
262
152
168
295
90
90
90
170
283
90
203
285
98
138
90
202
114
90
268
272
90
90
90
90
98
93
90
159
202
98
100
90
138
279
152
260
175
212
232
101
133
266
276
165
90
281
281
90
90
248
221
261
156
133
257
232
260
90
211
90
221
165
170
202
170
156
260
90
165
232
232
143
119
90
260
119
156
129
236
260
262
105
143
105
168
156
90
273
295
192
289
248
262
162
133
90
90
156
273
112
202
168
90
137
138
289
119
119
271
156
261
165
285
281
127
99
235
108
201
159
90
257
138
133
133
90
202
90
202
251
119
279
90
90
202
202
283
108
202
273
232
232
101
90
105
90
90
129
133
108
217
90
135
129
283
90
152
257
172
108
289
212
284
174
247
105
259
115
175
281
281
108
202
138
152
212
165
281
165
90
170
251
165
90
277
90
279
243
165
156
156
159
140
295
168
168
168
152
90
202
98
156
156
136
168
168
90
130
165
272
90
127
175
90
90
143
90
90
212
278
90
135
108
90
121
133
90
143
232
114
90
259
285
174
262
130
277
106
285
137
90
130
90
165
90
114
101
288
272
90
108
271
114
202
101
152
202
143
114
98
121
279
152
288
278
289
90
212
285
155
90
129
273
119
202
143
112
90
90
202
90
133
90
201
119
202
119
212
90
273
90
202
232
119
177
276
152
271
90
108
95
108
203
114
108
177
264
284
202
273
211
112
90
202
99
276
277
100
279
271
133
235
135
165
90
98
95
281
211
135
90
121
90
98
108
90
155
99
90
268
90
90
90
90
90
217
90
238
90
90
90
156
271
106
90
284
281
119
169
90
156
273
288
136
119
260
156
90
90
263
289
175
175
253
90
101
156
90
156
131
243
133
146
232
156
156
90
175
232
156
236
248
189
232
156
90
165
156
226
259
90
90
90
238
143
106
263
156
90
226
284
136
143
127
257
279
272
90
90
257
90
257
152
257
260
170
90
90
143
90
90
146
162
283
257
100
258
130
279
112
98
279
284
238
247
90
146
90
121
90
271
90
257
152
203
90
244
133
271
244
90
146
244
114
175
90
159
143
284
252
238
143
90
226
288
236
281
156
90
273
244
281
288
90
90
281
289
244
192
90
133
133
146
101
90
238
152
135
90
136
262
284
175
90
140
156
90
260
278
90
252
138
192
247
90
281
90
90
90
279
146
248
131
252
90
245
169
279
238
152
288
247
138
90
260
244
165
278
192
136
146
143
238
135
90
238
90
136
281
137
165
90
203
90
146
90
90
106
281
221
131
90
90
90
152
271
90
90
159
247
203
238
133
295
129
284
271
156
152
95
143
136
133
152
294
281
90
152
143
226
90
90
247
238
136
90
284
247
90
146
211
281
129
232
288
272
90
156
129
101
201
165
236
244
90
90
135
168
156
90
127
90
112
281
170
243
90
165
90
262
156
90
247
262
261
90
248
238
138
170
90
98
146
162
90
90
168
285
168
271
131
136
90
136
90
90
156
95
98
90
98
133
90
133
202
90
279
221
119
156
273
273
90
277
90
135
112
90
159
295
260
159
288
90
159
101
90
192
165
152
168
133
90
143
168
281
232
131
90
136
203
98
236
112
129
226
261
90
108
90
112
212
257
133
90
133
159
119
152
112
93
212
271
285
155
232
138
133
90
90
236
203
133
119
247
259
279
90
203
119
278
272
217
90
202
136
90
284
90
279
174
90
156
266
257
99
284
159
108
260
136
266
156
289
155
95
90
90
90
221
152
90
101
252
90
273
112
90
255
90
95
221
90
90
156
202
252
90
90
90
90
175
152
159
137
175
90
90
261
156
105
112
138
90
90
127
146
90
156
112
156
168
90
90
156
165
261
261
288
130
201
112
90
108
90
252
152
90
101
119
90
203
112
257
98
112
201
203
140
112
159
90
143
288
119
159
159
112
90
255
245
137
90
131
90
211
131
121
98
279
108
262
136
232
273
98
98
201
285
174
278
232
156
108
90
174
90
278
140
279
226
253
278
90
156
114
177
232
90
121
279
192
90
119
90
90
130
114
156
221
90
283
143
104
95
221
108
95
119
119
90
112
100
90
119
98
283
101
121
101
202
90
90
133
119
98
247
279
288
114
90
217
165
127
202
202
146
202
95
202
226
137
108
217
217
90
212
90
90
168
271
271
90
90
119
271
90
98
95
285
108
112
108
217
98
104
264
247
90
101
165
102
90
90
90
90
138
236
135
112
112
156
143
90
106
90
155
216
121
90
90
90
98
129
202
202
238
284
152
285
232
252
90
174
260
252
156
90
273
258
152
155
257
294
175
90
90
252
165
143
104
254
243
99
90
272
108
156
288
90
146
156
259
264
252
254
101
90
90
152
156
133
259
170
108
258
264
284
175
272
258
288
156
252
257
170
226
90
90
252
129
131
247
211
90
130
217
288
248
263
226
263
90
279
90
127
136
101
175
90
90
159
174
170
104
155
90
257
90
90
212
90
211
101
226
90
136
131
121
135
203
243
276
105
90
121
90
95
90
143
251
101
138
262
137
252
247
146
260
244
136
90
238
90
192
146
152
90
95
251
285
90
262
203
252
248
90
245
90
95
238
90
279
156
284
261
262
260
192
285
212
159
192
143
253
232
143
90
289
278
271
90
90
285
236
248
279
277
235
236
136
90
238
260
90
277
135
170
288
245
273
252
90
284
112
260
170
90
136
226
168
112
251
192
130
90
146
90
90
288
90
152
90
108
90
143
90
288
156
90
152
284
165
90
156
192
146
112
165
156
112
251
101
271
98
211
98
288
261
101
201
105
152
192
152
90
279
143
165
175
90
236
236
156
90
156
90
136
236
90
162
201
203
245
235
156
127
192
140
260
232
90
133
133
262
277
162
133
106
100
289
90
262
262
168
156
236
159
212
168
273
100
136
175
90
90
90
133
114
90
156
127
285
121
133
236
261
90
152
90
236
202
247
295
156
278
165
156
165
140
203
146
236
90
156
261
289
272
273
156
90
156
212
140
236
243
90
260
261
238
90
236
130
162
90
273
159
278
152
168
90
90
90
90
90
289
90
90
100
136
130
105
203
281
101
232
90
143
221
201
156
136
165
133
90
288
90
133
165
90
247
90
248
90
168
90
284
135
90
260
175
90
112
137
238
156
90
90
137
90
289
127
162
289
130
90
271
90
119
90
90
146
133
260
136
232
90
90
226
247
127
152
136
152
201
263
201
202
257
114
152
90
245
90
108
272
114
129
90
90
257
101
90
112
114
257
284
159
90
288
99
108
90
90
90
288
143
212
152
108
159
90
90
203
257
133
159
90
90
138
251
90
90
217
272
156
285
131
202
131
235
101
121
90
90
98
284
90
137
90
108
90
98
279
133
98
90
174
90
90
143
202
130
202
247
146
260
177
146
112
202
114
276
281
281
247
277
138
254
288
106
101
285
276
281
136
121
90
152
276
281
90
133
129
114
264
168
90
133
90
278
90
254
90
90
99
90
101
90
90
90
90
121
127
114
202
133
202
90
203
226
121
108
288
232
221
90
276
278
226
90
174
260
211
281
119
254
264
156
95
90
90
217
90
106
108
90
95
232
248
232
100
95
119
98
136
95
254
133
202
146
90
98
112
276
119
252
281
257
202
202
143
90
90
273
272
98
137
272
112
98
165
90
90
211
98
100
248
106
90
165
131
95
98
284
243
90
90
90
248
98
99
136
90
238
90
211
90
202
101
114
130
143
90
100
276
192
284
273
278
276
90
90
90
232
129
90
90
247
202
226
136
136
90
211
261
90
90
135
258
129
114
202
90
136
90
156
273
90
175
98
243
156
251
252
279
156
90
276
279
238
262
156
114
257
133
140
238
264
236
168
245
238
90
90
90
226
170
260
238
156
174
90
156
106
236
216
146
90
114
140
252
172
90
266
90
90
90
136
252
90
257
98
263
271
264
156
212
216
254
165
131
95
90
235
272
143
90
162
135
252
226
152
283
133
212
259
112
175
90
281
174
90
278
226
135
165
165
90
271
104
90
272
130
266
285
90
295
283
192
90
236
121
90
276
90
90
212
263
155
252
90
143
255
152
257
285
146
143
114
90
90
284
152
281
90
281
162
90
232
248
152
156
90
140
90
90
90
175
143
90
247
278
114
285
251
143
259
146
289
248
294
279
281
238
156
90
90
129
284
156
135
221
90
90
162
254
90
165
143
131
262
272
272
236
90
284
130
235
248
90
138
262
281
90
278
90
252
143
90
277
247
277
90
247
90
238
278
90
108
90
202
121
260
135
244
257
168
245
127
90
133
90
175
90
252
90
285
138
281
162
288
260
271
90
257
271
106
90
156
192
211
90
238
121
165
131
159
90
156
90
260
143
279
143
133
90
90
165
112
121
211
279
271
90
152
90
90
238
238
168
288
159
152
277
232
90
90
295
90
90
90
90
226
105
146
90
288
288
260
285
133
271
133
155
288
135
294
216
216
165
136
156
90
262
285
90
202
112
232
247
112
284
90
90
277
143
165
281
170
90
90
90
90
238
90
235
226
248
90
127
90
131
236
288
272
135
156
156
260
90
136
203
238
156
146
127
90
226
273
285
156
168
136
260
90
156
271
143
90
127
203
90
90
90
143
90
90
90
112
90
143
202
212
236
90
261
278
90
90
137
143
133
130
260
90
114
235
140
133
143
131
165
226
90
130
201
131
165
105
273
90
119
156
277
137
136
156
165
143
90
261
261
90
156
90
168
168
136
90
261
232
244
165
261
90
90
261
170
285
168
90
90
281
130
143
221
90
278
277
90
127
278
127
152
90
152
236
245
138
114
136
281
156
146
156
90
90
98
138
90
283
119
90
281
155
278
114
90
232
203
119
119
201
90
152
112
201
108
108
201
159
170
90
159
262
159
119
112
102
98
138
90
202
119
112
257
133
90
98
203
99
119
232
202
202
112
201
119
285
102
119
143
112
104
112
112
201
284
284
90
155
156
112
90
112
143
146
143
90
108
143
244
90
159
90
90
90
203
143
90
168
245
112
202
90
114
90
152
130
251
143
202
202
202
90
136
119
90
90
90
131
90
93
202
90
255
90
294
203
260
202
285
281
98
90
119
90
99
108
90
95
273
202
90
90
294
133
143
266
108
112
114
243
114
108
112
146
236
232
279
90
146
90
273
131
90
262
101
281
168
90
152
232
95
165
108
257
90
221
174
90
232
104
254
162
143
95
140
90
90
90
162
152
162
243
131
257
221
146
146
155
261
262
152
257
90
247
90
289
146
156
112
102
162
156
90
112
112
289
130
112
155
90
192
165
119
119
133
121
152
156
295
133
156
90
284
221
90
119
202
216
133
201
281
119
90
90
112
202
98
90
99
152
201
202
159
119
159
155
90
143
235
159
90
232
159
119
90
165
152
112
112
202
90
211
133
266
112
165
112
159
98
119
90
146
90
100
159
257
159
90
156
212
159
90
90
90
245
112
159
202
201
121
217
271
90
253
90
276
217
90
114
238
226
138
143
202
226
131
90
137
90
168
281
119
279
90
112
279
152
136
257
162
90
105
263
108
202
90
114
202
114
115
284
283
90
100
133
90
271
289
159
90
90
281
247
112
278
221
127
221
114
90
90
271
90
138
90
266
90
258
235
281
106
95
101
177
135
285
177
248
90
131
138
135
278
281
273
285
177
98
143
90
202
264
271
271
156
202
273
133
119
156
295
90
98
90
254
288
90
271
159
90
253
156
90
212
133
203
143
159
257
257
138
90
138
90
202
276
289
140
129
90
244
202
285
129
108
93
271
130
90
211
90
93
226
90
272
131
217
90
90
114
202
133
98
119
272
90
90
202
90
285
272
119
98
90
95
90
108
98
119
177
156
90
136
271
98
90
95
114
108
90
202
226
135
216
202
98
203
202
114
243
152
152
137
152
276
143
138
271
284
201
281
174
156
252
90
98
112
211
104
211
276
211
90
90
217
108
202
108
90
127
276
156
133
90
95
90
203
119
248
202
119
135
201
165
212
238
202
93
90
143
217
90
90
136
100
257
98
232
112
272
93
108
152
90
90
104
211
252
90
90
254
135
133
271
253
271
279
90
95
238
99
201
272
238
112
268
136
283
90
226
90
127
279
211
276
281
90
146
271
114
281
98
98
90
174
90
278
90
90
100
90
90
273
217
152
101
278
98
272
268
90
271
95
121
112
174
212
136
90
152
262
285
138
90
90
135
104
136
253
271
112
105
212
112
90
268
90
276
152
101
90
90
90
138
114
136
146
129
90
138
271
271
285
90
247
90
284
281
159
112
212
90
221
90
226
247
90
95
121
143
90
90
137
114
90
119
90
156
90
247
202
108
156
137
278
112
152
137
143
133
272
133
136
257
259
236
279
203
114
136
175
174
90
140
284
247
174
288
271
272
251
152
90
152
257
288
281
238
260
90
273
136
138
143
202
90
281
140
257
146
152
283
138
112
138
106
276
90
212
175
212
212
276
236
146
236
254
276
254
135
203
90
212
236
114
175
114
131
131
90
211
90
90
259
137
146
263
131
155
294
192
90
257
276
90
279
108
90
90
238
119
202
257
295
138
235
289
90
90
90
90
121
90
90
152
90
236
135
217
108
90
143
127
90
90
236
136
133
121
108
133
226
279
202
272
252
90
90
257
238
114
226
226
156
127
114
108
277
159
90
90
212
106
108
95
112
90
170
90
101
98
260
90
101
100
261
90
112
202
136
261
285
278
245
156
121
252
90
277
131
114
226
263
165
146
203
162
285
152
263
278
133
90
130
294
272
90
90
130
138
127
277
90
133
252
130
90
211
127
192
90
133
129
90
294
90
255
105
90
211
211
90
90
283
281
90
278
137
90
90
283
90
263
90
131
90
156
238
101
127
135
202
102
131
226
226
279
127
143
131
284
90
257
121
106
277
137
159
279
130
216
289
130
138
90
90
104
90
143
90
289
138
90
238
289
284
221
212
247
203
281
281
279
192
90
90
90
137
90
281
257
131
143
90
271
90
156
90
106
254
156
127
90
121
168
90
281
288
236
90
279
90
138
212
90
211
212
281
90
90
156
226
192
90
257
252
90
232
101
278
255
90
90
112
279
127
90
285
279
143
288
281
101
95
133
90
285
226
156
152
143
138
226
90
156
143
127
277
90
285
90
127
271
127
279
273
90
90
136
278
281
281
95
136
108
271
277
271
284
112
90
247
152
143
90
90
104
90
90
284
130
130
90
143
127
212
279
285
192
152
90
262
248
159
138
90
112
90
90
203
138
279
281
114
156
114
288
175
216
251
175
90
278
279
137
90
248
146
108
248
90
221
90
152
90
143
271
90
257
90
90
277
212
101
133
90
251
146
212
108
156
108
112
137
271
127
112
90
281
90
165
165
90
211
285
108
136
277
159
114
112
255
279
285
159
143
159
203
114
232
232
90
121
90
143
131
133
156
90
127
127
236
90
90
226
279
99
112
271
90
278
90
136
90
108
248
251
112
90
131
133
226
143
112
295
90
261
289
226
90
90
159
159
156
90
271
281
90
136
201
108
156
101
131
152
90
108
90
244
236
90
238
135
294
143
136
152
133
238
90
90
98
98
112
232
152
133
90
152
152
281
90
136
236
238
90
262
260
137
133
112
192
288
105
165
138
238
226
232
156
143
152
112
133
281
226
159
262
170
90
90
90
159
136
285
159
294
136
143
155
138
159
221
159
90
90
192
90
90
90
279
156
138
279
279
248
152
248
271
90
211
95
90
281
260
136
271
90
143
90
90
212
279
279
90
244
90
136
136
121
90
238
245
90
260
248
277
112
98
108
156
271
271
202
232
244
90
271
202
112
284
140
133
112
236
202
272
156
284
247
90
90
288
90
119
211
106
221
101
90
90
156
136
261
221
288
90
202
105
281
156
156
133
112
112
156
133
90
137
90
121
143
90
203
90
136
136
168
90
281
90
159
203
281
273
273
90
272
271
130
90
133
90
90
90
232
90
146
90
143
90
156
278
146
202
90
129
295
90
137
152
90
90
90
272
133
277
170
156
262
137
152
168
136
289
119
136
119
236
216
90
156
143
138
137
156
156
236
90
90
238
90
221
238
155
90
90
159
138
133
90
90
162
90
90
138
289
192
143
90
226
143
90
143
156
203
90
202
278
272
90
127
112
192
143
260
271
226
127
281
90
90
136
146
143
245
202
202
119
119
156
226
108
260
90
262
247
260
285
289
90
112
260
295
90
106
